Univariate_LR_coefficients_null_raster	Univariate_LR_coefficients_flood_veg_R	Univariate_LR_R2_null_raster	Univariate_LR_R2_flood_veg_R	Univariate_LR_delta_R2_flood_veg_R
0.509348634063282	0.509348634063282	0.501592752472326	0.501592752472326	0
0.161277939848129	0.161277939848129	0.128795083744666	0.128795083744666	0
0.315069315823578	0.315069315823578	0.171460156214606	0.171460156214606	0
0.181228010384823	0.181228010384823	0.194462916269028	0.194462916269028	0
0.0807262044704342	0.0800723534175216	0.0155085973033488	0.0152349099019958	-0.000273687401353017
0.264527871520785	0.264527871520785	0.335467567228521	0.335467567228521	0
0.351783052979205	0.351783052979205	0.392980579391446	0.392980579391446	0
0.266439706225198	0.26613275050984	0.307177978213235	0.307070957912144	-0.000107020301091554
0.200535996575834	0.200535996575834	0.129583487887477	0.129583487887477	0
0.285993986073786	0.285993986073786	0.414382956180605	0.414382956180605	0
0.389843653990515	0.389843653990515	0.233513714640596	0.233513714640596	0
0.28978942822516	0.28978942822516	0.0860889049763043	0.0860889049763043	0
0.203299055438912	0.203299055438912	0.160772201373582	0.160772201373582	0
0.246282500717424	0.237732519987666	0.213465450274872	0.196258331659283	-0.0172071186155889
0.228643762567207	0.228643762567207	0.156573133785999	0.156573133785999	0
0.0951818943085608	0.142401616151576	0.0173173966451589	0.0453044773608909	0.0279870807157319
0.325869211709431	0.325869211709431	0.477480433085215	0.477480433085215	0
0.329931354673836	0.330324481623854	0.263121542323268	0.264263768128366	0.00114222580509776
0.357355679266791	0.357355679266791	0.72968425213064	0.72968425213064	0
0.0595397877392208	0.0595397877392208	0.0182528021468278	0.0182528021468278	0
0.258026002031862	0.258026002031862	0.144083455553165	0.144083455553165	0
0.287675192226792	0.287675192226792	0.570973876532829	0.570973876532829	0
0.458449070804559	0.458449070804559	0.548233437375058	0.548233437375058	0
0.216714014042273	0.216714014042273	0.159776713300561	0.159776713300561	0.0000000000000000277555756156289
0.543467409014854	0.528356871287942	0.353862621749971	0.340167903042403	-0.0136947187075681
0.532350643706609	0.532350643706609	0.474401068708889	0.474401068708889	0
0.0956356568589826	0.0956356568589826	0.0352525975724388	0.0352525975724388	0
0.410587611235948	0.410587611235948	0.460330754989065	0.460330754989065	0
0.45643201535401	0.45643201535401	0.347806990861149	0.347806990861149	0
0.2267030072019	0.203423480759272	0.152422384347048	0.147918127598713	-0.0045042567483346
0.272262424192691	0.272262424192691	0.179146411499781	0.179146411499781	0
0.169519492866542	0.169261389404299	0.0629110608516909	0.0625316323130323	-0.000379428538658536
0.205512425829247	0.205512425829247	0.0271402170780602	0.0271402170780602	0
0.411730807170089	0.411730807170089	0.573260957959234	0.573260957959234	0
0.742662107165122	0.742662107165122	0.632117567918354	0.632117567918354	0
0.253939159458204	0.253939159458204	0.0630191665679134	0.0630191665679134	0
0.205016294734511	0.205016294734511	0.112754797957632	0.112754797957632	0
0.288165709335759	0.288165709335759	0.179372333072955	0.179372333072955	0
0.318677493092491	0.318677493092491	0.345777667103719	0.345777667103719	0
0.337823212762906	0.337823212762906	0.194656666488565	0.194656666488565	0
0.512546259455603	0.512546259455603	0.236034445797476	0.236034445797476	0
0.465287785152358	0.446379541929059	0.474044921078902	0.448176685016053	-0.025868236062849
0.179382993457596	0.179382993457596	0.0586173811693954	0.0586173811693954	0
0.527047809155911	0.518168272147233	0.366630750289874	0.346746082707301	-0.0198846675825725
0.257420569318673	0.256480130054269	0.297651367200353	0.296679194058033	-0.000972173142319455
0.288293723783326	0.287225685735966	0.0828206745148953	0.0823505174511591	-0.000470157063736182
0.28465415537388	0.28465415537388	0.11248343066316	0.11248343066316	0
0.125700427714017	0.125700427714017	0.065873302570368	0.065873302570368	0
0.292531297135728	0.292315493154581	0.389610179216604	0.388459438519704	-0.00115074069689947
0.459422156617499	0.459422156617499	0.43399152296117	0.43399152296117	0
0.250925461615483	0.250925461615483	0.274639844389712	0.274639844389712	0
0.218539362889769	0.222318686633171	0.11329977928515	0.117291441260649	0.00399166197549848
0.379183007871704	0.379183007871704	0.45503270320628	0.45503270320628	0
0.312295425742977	0.312295425742977	0.278578059648626	0.278578059648626	0
0.187279851952955	0.187279851952955	0.248456006330683	0.248456006330683	0
0.386742593527444	0.38729538464623	0.559847042504585	0.559331897309925	-0.000515145194659561
0.0816354334142884	0.0816354334142884	0.0372522299117817	0.0372522299117817	0
0.205162809255206	0.204675490429066	0.127003939374187	0.125773250385022	-0.00123068898916462
0.534877697540481	0.535011911500866	0.475234948018741	0.473950264784709	-0.00128468323403158
0.524443344329959	0.524443344329959	0.315890628503158	0.315890628503158	0
0.182624165442694	0.182365284540728	0.293236689272095	0.292186316147989	-0.00105037312410622
0.46536389790376	0.465351497665682	0.704730259953136	0.704707012629495	-0.0000232473236408959
0.21080898835795	0.21080898835795	0.117591289382853	0.117591289382853	0
0.351155648161095	0.3495475414396	0.286401072327671	0.277580477366628	-0.00882059496104287
0.327571675694138	0.327748754098549	0.533307636713373	0.532254217042612	-0.00105341967076034
0.233200568765292	0.233200568765292	0.133963699615823	0.133963699615823	0
0.482422767048615	0.482422767048615	0.534947914747182	0.534947914747182	0
0.116453351562414	0.116453351562414	0.0207045032528459	0.0207045032528459	0
0.315935447005173	0.315935447005173	0.169484117342249	0.169484117342249	0
0.512148254079097	0.512148254079097	0.117654359147752	0.117654359147752	0
0.38496430993838	0.372270436899986	0.158953400262828	0.146528421784113	-0.0124249784787158
0.0745262257121674	0.0745262257121674	0.0336399952140643	0.0336399952140643	0
0.208847155635344	0.208847155635344	0.450123714677371	0.450123714677371	0
0.091711883034598	0.091711883034598	0.0182531492605099	0.0182531492605099	0
0.266412811878833	0.264044228173388	0.148019450137879	0.145990035857857	-0.0020294142800216
0.150080250375363	0.150080250375363	0.0932652839737941	0.0932652839737941	0
0.797757940743428	0.761772626098313	0.585990322100777	0.5527999249711	-0.0331903971296773
0.179726118098721	0.179726118098721	0.162659229382207	0.162659229382207	0
0.139250232655665	0.139250232655665	0.129568073407926	0.129568073407926	0
0.349366857097869	0.349366857097869	0.43853509312949	0.43853509312949	0
0.548151276506386	0.548151276506386	0.308077163963569	0.308077163963569	0
0.205476477101373	0.205476477101373	0.0815720134127531	0.0815720134127531	0
0.284496549234635	0.284496549234635	0.144164848573463	0.144164848573463	0
0.444600130039371	0.444600130039371	0.105055517649688	0.105055517649688	0
0.297562065011571	0.297562065011571	0.270657402677992	0.270657402677992	0
0.185649911898132	0.185649911898132	0.227488978116421	0.227488978116421	0
0.0695383293671997	0.0695383293671997	0.0108048581581946	0.0108048581581946	0
0.272103874215064	0.272103874215064	0.245951519491312	0.245951519491312	0
0.179020812311324	0.179020812311324	0.0687441199386095	0.0687441199386095	-0.0000000000000000277555756156289
0.292483304093323	0.292483304093323	0.310364118465681	0.310364118465681	0
0.0723397597188497	0.0723397597188497	0.023930926219807	0.023930926219807	0
0.452441005660505	0.449652124473796	0.11312837263029	0.112016017474972	-0.00111235515531856
0.200560304435114	0.200631207559701	0.208301946091325	0.208105758732046	-0.000196187359278926
0.256869819384707	0.256869819384707	0.11461938815483	0.11461938815483	0
0.207897321498185	0.207897321498185	0.13102481403694	0.13102481403694	0
0.33624397018646	0.326009755162315	0.401306824480411	0.367200054128292	-0.0341067703521186
0.589060614184412	0.589060614184412	0.448338841216864	0.448338841216864	0
0.146729605269791	0.152012232345917	0.0438009509916143	0.0469512178198249	0.00315026682821063
0.291677921082665	0.295294915370136	0.217103056643822	0.222987353798684	0.00588429715486199
0.257026795131185	0.257026795131185	0.155204793592837	0.155204793592837	0
