Univariate_LR_coefficients_null_raster	Univariate_LR_coefficients_gflcu_R	Univariate_LR_R2_null_raster	Univariate_LR_R2_gflcu_R	Univariate_LR_delta_R2_gflcu_R
0.151037596253434	0.151035872917024	0.388325426211782	0.388332597947169	0.00000717173538750115
0.142351138918963	0.142347508603945	0.436539917974483	0.43654202268128	0.00000210470679784525
0.15061894103494	0.150617002955419	0.331484844169957	0.331486059160525	0.00000121499056748853
0.149109501396845	0.149108904365268	0.391100929521009	0.391108268291336	0.00000733877032665919
0.138266030192787	0.138265667958691	0.356658123281561	0.356659760645664	0.00000163736410280224
0.134413272461843	0.134413106828842	0.330923808029505	0.330928281211397	0.00000447318189167323
0.155307271787103	0.155305239834326	0.310004758301913	0.310004289882619	-0.000000468419293631062
0.119355114818103	0.119354406346036	0.400810233416745	0.400812912277248	0.00000267886050331345
0.174478796573689	0.174474537845958	0.381230953168027	0.381227917094032	-0.00000303607399421146
0.141288382665203	0.141285644897353	0.460137053713518	0.460138266628361	0.0000012129148427853
0.124977933278092	0.124976131562669	0.312145938476485	0.312150379636628	0.00000444116014269857
0.185951839082199	0.185950587674495	0.451731478046589	0.451734260552209	0.00000278250562019133
0.168564799701209	0.168561755266721	0.377600859698911	0.377602490224544	0.00000163052563356691
0.14135447652732	0.141353667166184	0.413702606823832	0.413710109268055	0.00000750244422220714
0.134935570076318	0.134933997130253	0.419738184440104	0.419745723425078	0.00000753898497374283
0.130515677604834	0.130513392077692	0.397665040346926	0.39765979903164	-0.00000524131528617522
0.118385804491202	0.118383890608359	0.339165400049451	0.339163129261056	-0.00000227078839509787
0.127284746478565	0.127283404438172	0.476114711898614	0.476120035839114	0.00000532394050029028
0.131660802094227	0.131658939900339	0.384057067358761	0.384055868023564	-0.00000119933519693305
0.111963322227191	0.111962796098112	0.3062869797441	0.306291445670213	0.00000446592611247354
0.149408681848003	0.149407374898253	0.447118584520673	0.44711761868622	-0.000000965834452637537
0.13640914292868	0.136407501990632	0.456014578378146	0.456022673179728	0.00000809480158209253
0.143259365536412	0.143256608904743	0.33308702249657	0.333086609165345	-0.000000413331225079805
0.0889051014579	0.0889067840261768	0.266434951177938	0.266452213299377	0.0000172621214393764
0.131796710628302	0.131795167544265	0.412682574149289	0.41268328781543	0.000000713666140295111
0.115786231625102	0.115784496000721	0.410285761144215	0.410286055308437	0.000000294164222147675
0.163143613161208	0.163141645339863	0.473531814679412	0.473532427641555	0.000000612962142765294
0.13198902519245	0.131986913454963	0.313350476519462	0.313351584161988	0.00000110764252597706
0.164516550807871	0.164512827155254	0.398229545449678	0.398230241129719	0.000000695680041462587
0.128529485068277	0.128529880613842	0.308367486609988	0.308370896769152	0.00000341015916399678
0.116678355444994	0.116677363574426	0.24522814058283	0.245236504622377	0.00000836403954693199
0.138825719796921	0.138824309070282	0.389492704390551	0.389497971238272	0.00000526684772134134
0.147276902921486	0.147276519160114	0.431945154610262	0.431955483721813	0.0000103291115509108
0.130123660943006	0.130121762664504	0.377802715056061	0.377799300756764	-0.00000341429929673343
0.128381053985146	0.128377706885645	0.418256084433854	0.418253446885539	-0.00000263754831525409
0.129341129764886	0.129338474808773	0.443109278248909	0.443111030427552	0.0000017521786430108
0.140733327238492	0.140731003544112	0.556004129907417	0.556004151512884	0.0000000216054664159415
0.129607834256173	0.129605907693699	0.409368574888041	0.409372151977635	0.0000035770895948084
0.137703504654396	0.137699291694294	0.410167750547781	0.410170465680718	0.00000271513293620407
0.104801394527245	0.104801350020288	0.287285254424253	0.287290952946057	0.00000569852180387631
0.167174317588601	0.167169242060296	0.341025919299594	0.341025710354468	-0.000000208945125812487
0.12730027966483	0.127300479761963	0.334713137238643	0.334727024696064	0.0000138874574207026
0.1081132237092	0.108111968000334	0.340713748996775	0.34071566729042	0.00000191829364548646
0.109772319157903	0.109771666633842	0.344956972434441	0.344965977370375	0.00000900493593430918
0.10200738123783	0.102005830301788	0.303232283563617	0.30323341713916	0.0000011335755432107
0.115063078355839	0.11506023711829	0.325618866620299	0.325616430743828	-0.00000243587647075216
0.16098771583314	0.160984325135862	0.3925870828435	0.392586482591091	-0.000000600252408278212
0.168508375632228	0.168505547786159	0.369860938295555	0.369862334356126	0.00000139606057103503
0.115524921683664	0.115525123629246	0.283221313477317	0.283240267641089	0.0000189541637719559
0.113222392683958	0.113220233373635	0.363338257183709	0.36333536406182	-0.00000289312188916924
0.160074317167777	0.160072789006878	0.446458916200413	0.446461726785211	0.0000028105847982296
0.134538909177353	0.134535326792821	0.398434881653583	0.398431407010904	-0.00000347464267863584
0.154685758255744	0.154681721899836	0.407572357341492	0.407569221666804	-0.00000313567468829268
0.131499871809474	0.131500209967658	0.350865285964987	0.350875545738518	0.0000102597735313625
0.179245833509231	0.179243468815292	0.523698251731677	0.523703347354164	0.0000050956224870724
0.1416152926257	0.141614321192358	0.408746925156795	0.408751387762316	0.00000446260552167121
0.115175501740913	0.1151751328031	0.438280052686114	0.438284365050621	0.00000431236450693095
0.117677233389475	0.117674854143991	0.404352475520988	0.404354987439484	0.00000251191849631738
0.0871678636773959	0.0871663846141623	0.256518043789323	0.256515709464016	-0.00000233432530749589
0.132578063690766	0.132575643798673	0.393876286843974	0.393875344927668	-0.000000941916306063106
0.148361908571459	0.148360608307937	0.442696501892419	0.44270326274726	0.00000676085484119238
0.133059345339793	0.13305842308396	0.381137641209691	0.381141125799677	0.00000348458998583601
0.115280887922619	0.115282283900981	0.351437997110314	0.351458607910601	0.0000206108002873684
0.183696425724865	0.183692119217625	0.499796538519041	0.499798391262935	0.00000185274389341572
0.16586862579374	0.165864754769959	0.430358054294178	0.430358757208767	0.000000702914588701642
0.113283955565216	0.113282429017219	0.410592867716501	0.410597510404957	0.00000464268845590254
0.15224562042628	0.152243514503855	0.345274607851177	0.345271771511882	-0.00000283633929498706
0.137794486054924	0.137791499124025	0.352482759955608	0.352479276734457	-0.00000348322115018007
0.123095216636265	0.123093045032717	0.331659504291989	0.331660026882648	0.000000522590659413069
0.133637220100116	0.133636142124416	0.332481498990924	0.332488897672693	0.00000739868176857783
0.122242128033875	0.122241147504282	0.318689215192691	0.318693287267215	0.00000407207452318703
0.120496163244956	0.120494780551248	0.335753214759489	0.335755724728088	0.00000250996859907371
0.13722257444532	0.137219686882299	0.452798218821597	0.452799470489617	0.00000125166801978605
0.178711881713771	0.178710155103049	0.475542436232579	0.475548746770279	0.00000631053770044909
0.123322246070839	0.12332160253469	0.346661925621143	0.346680765718483	0.0000188400973396563
0.124279681786005	0.124279757217423	0.406775454353056	0.406790223934468	0.0000147695814117221
0.135830654159284	0.135829759529055	0.425985651287653	0.425991832212535	0.00000618092488269273
0.131345193517456	0.131343136622209	0.52595737351059	0.525963114454672	0.00000574094408234416
0.112318909188853	0.11231705048409	0.330360925357459	0.330362733792827	0.00000180843536806696
0.121992474558882	0.121989531354863	0.381669225304199	0.381668880804331	-0.000000344499868298875
0.138838712084905	0.138837690941262	0.397113191528455	0.397113870709053	0.000000679180597651374
0.13149849526972	0.131499521648292	0.33125081696619	0.331269153829296	0.0000183368631064829
0.110580113107625	0.110578442305016	0.327437118781315	0.3274373668097	0.000000248028384997045
0.125707223790639	0.12570581042655	0.410386671888949	0.410385490036868	-0.00000118185208142219
0.139297485914638	0.139295571084945	0.442613717073891	0.442618350034383	0.00000463296049246775
0.128207177271483	0.12820370780911	0.386081536053489	0.386082281203637	0.000000745150148695473
0.138352393681899	0.138349994994727	0.437551084124623	0.437557317946011	0.00000623382138742468
0.156306206832949	0.156304460813755	0.496619678050381	0.496624499719465	0.00000482166908361004
0.152830980422082	0.152829651739612	0.493925520665032	0.493933555684373	0.00000803501934165674
0.117340594295432	0.117338591613167	0.413595109744601	0.41359364707154	-0.00000146267306133652
0.134922878221597	0.134920647944282	0.408494849188798	0.408494602730362	-0.000000246458436048425
0.11333203008771	0.113331161939868	0.42794490438022	0.427951237451099	0.00000633307087855028
0.133849213473766	0.133846582825738	0.372434416577617	0.372431779644813	-0.00000263693280433408
0.129178672334723	0.129177467409767	0.4537475173009	0.45375188443938	0.00000436713848012138
0.130917784590757	0.130916808067598	0.338579693797105	0.338584343619136	0.00000464982203091102
0.126325944070198	0.126322905287849	0.409724282244662	0.409725930493768	0.00000164824910559025
0.14417257915046	0.144169980631036	0.332801844040762	0.33280204739344	0.000000203352677752289
0.139695654442077	0.13969316580948	0.375935626385541	0.37593612798369	0.000000501598148683335
0.136832968951474	0.136831284783618	0.410132866658084	0.410138190909143	0.00000532425105953527
0.142736534443259	0.14273420151142	0.438231626330301	0.438231734256854	0.000000107926552306292
