Univariate_LR_coefficients_null_raster	Univariate_LR_coefficients_lake_river_reservoir_C	Univariate_LR_R2_null_raster	Univariate_LR_R2_lake_river_reservoir_C	Univariate_LR_delta_R2_lake_river_reservoir_C
0.151037596253434	0.154948959558889	0.388325426211782	0.388226849110045	-9.85771017367187e-05
0.142351138918963	0.145638782381563	0.436539917974483	0.436276160643157	-0.000263757331325831
0.15061894103494	0.155107604224991	0.331484844169957	0.327673479668719	-0.00381136450123865
0.149109501396845	0.154672307226599	0.391100929521009	0.390911985274649	-0.000188944246360567
0.138266030192787	0.145717622080108	0.356658123281561	0.359848257009843	0.00319013372828175
0.134413272461843	0.13780812357096	0.330923808029505	0.328213593022469	-0.00271021500703605
0.155307271787103	0.157993349181346	0.310004758301913	0.309566954985598	-0.000437803316314767
0.119355114818103	0.123299444453498	0.400810233416745	0.39649048357581	-0.00431974984093492
0.174478796573689	0.177864003248273	0.381230953168027	0.38339707062159	0.00216611745356365
0.141288382665203	0.145006117909501	0.460137053713518	0.462421698243223	0.00228464452970556
0.124977933278092	0.12893448170923	0.312145938476485	0.310863720012098	-0.00128221846438725
0.185951839082199	0.189146546380306	0.451731478046589	0.451711362285785	-2.01157608042402e-05
0.168564799701209	0.171866202971082	0.377600859698911	0.372152278558438	-0.00544858114047281
0.14135447652732	0.144544330327123	0.413702606823832	0.412983218803117	-0.000719388020714917
0.134935570076318	0.139328468715899	0.419738184440104	0.419488852519912	-0.000249331920192331
0.130515677604834	0.134312473764763	0.397665040346926	0.39634983111592	-0.00131520923100592
0.118385804491202	0.121808388661089	0.339165400049451	0.335330121852343	-0.00383527819710811
0.127284746478565	0.131505357971629	0.476114711898614	0.469322761067706	-0.006791950830908
0.131660802094227	0.135767329673188	0.384057067358761	0.387232086508682	0.00317501914992074
0.111963322227191	0.114886517172693	0.3062869797441	0.305179312324857	-0.00110766741924373
0.149408681848003	0.156013531796823	0.447118584520673	0.455667525747984	0.00854894122731098
0.13640914292868	0.14324758453406	0.456014578378146	0.46317002972444	0.00715545134629397
0.143259365536412	0.146959441913817	0.33308702249657	0.331923281178801	-0.00116374131776892
0.0889051014579	0.0906630775559638	0.266434951177938	0.264786785492126	-0.00164816568581139
0.131796710628302	0.135767261435426	0.412682574149289	0.411625763724864	-0.00105681042442485
0.115786231625102	0.119981317421278	0.410285761144215	0.41222951839649	0.00194375725227536
0.163143613161208	0.167704046006631	0.473531814679412	0.476729557541297	0.00319774286188451
0.13198902519245	0.135875458373428	0.313350476519462	0.314794283601171	0.00144380708170944
0.164516550807871	0.170545817639333	0.398229545449678	0.4056985116899	0.00746896624022242
0.128529485068277	0.130978150372708	0.308367486609988	0.302948434948312	-0.00541905166167672
0.116678355444994	0.121918848688239	0.24522814058283	0.249436092786155	0.00420795220332515
0.138825719796921	0.143484690284664	0.389492704390551	0.389328145429414	-0.000164558961136818
0.147276902921486	0.149568288541949	0.431945154610262	0.425502447022576	-0.0064427075876855
0.130123660943006	0.134830462764406	0.377802715056061	0.378010817695222	0.000208102639161489
0.128381053985146	0.133909965617403	0.418256084433854	0.427204307359661	0.00894822292580683
0.129341129764886	0.132785817269001	0.443109278248909	0.443214005334974	0.000104727086065348
0.140733327238492	0.145996472611884	0.556004129907417	0.553851115648939	-0.00215301425847847
0.129607834256173	0.1343910616496	0.409368574888041	0.414158938389064	0.00479036350102374
0.137703504654396	0.140083635333037	0.410167750547781	0.407819395893836	-0.00234835465394539
0.104801394527245	0.107002855331716	0.287285254424253	0.28194334891613	-0.00534190550812358
0.167174317588601	0.169282338939288	0.341025919299594	0.335674544262171	-0.00535137503742289
0.12730027966483	0.132391339518409	0.334713137238643	0.34044489713321	0.00573175989456715
0.1081132237092	0.112009116833319	0.340713748996775	0.342820634540767	0.00210688554399235
0.109772319157903	0.11400613224483	0.344956972434441	0.349478264416605	0.00452129198216361
0.10200738123783	0.104707532009525	0.303232283563617	0.300629723060228	-0.00260256050338914
0.115063078355839	0.118845289570208	0.325618866620299	0.330379781021021	0.00476091440072252
0.16098771583314	0.163671543771176	0.3925870828435	0.385231391044852	-0.0073556917986472
0.168508375632228	0.172170763716419	0.369860938295555	0.371693653486177	0.00183271519062245
0.115524921683664	0.117465370290456	0.283221313477317	0.28144853820165	-0.0017727752756666
0.113222392683958	0.118168049639754	0.363338257183709	0.363499458072176	0.000161200888466939
0.160074317167777	0.162707686229294	0.446458916200413	0.445270689426685	-0.00118822677372776
0.134538909177353	0.136579160333988	0.398434881653583	0.395861311528333	-0.00257357012524956
0.154685758255744	0.160915065033604	0.407572357341492	0.411348168390729	0.00377581104923647
0.131499871809474	0.138637805346955	0.350865285964987	0.35659473629842	0.00572945033343325
0.179245833509231	0.185211062078698	0.523698251731677	0.523691200816812	-7.05091486474796e-06
0.1416152926257	0.146243704739588	0.408746925156795	0.408411780341814	-0.000335144814980259
0.115175501740913	0.119307541532223	0.438280052686114	0.441443331449235	0.00316327876312122
0.117677233389475	0.121539863166196	0.404352475520988	0.407653883222358	0.00330140770136961
0.0871678636773959	0.0910243003702916	0.256518043789323	0.262248852321037	0.00573080853171382
0.132578063690766	0.136091284833571	0.393876286843974	0.392425278126455	-0.00145100871751963
0.148361908571459	0.153192087574599	0.442696501892419	0.442714184798764	1.76829063444073e-05
0.133059345339793	0.13554717407864	0.381137641209691	0.377195441352719	-0.00394219985697225
0.115280887922619	0.119364209839703	0.351437997110314	0.353295504917848	0.00185750780753424
0.183696425724865	0.186045988883994	0.499796538519041	0.4943206687655	-0.00547586975354103
0.16586862579374	0.168504211716622	0.430358054294178	0.424819334998905	-0.00553871929527294
0.113283955565216	0.117237605918448	0.410592867716501	0.413443987198134	0.00285111948163336
0.15224562042628	0.153894279089768	0.345274607851177	0.338717573516551	-0.00655703433462568
0.137794486054924	0.142714622917173	0.352482759955608	0.357138826509741	0.00465606655413359
0.123095216636265	0.125604592016628	0.331659504291989	0.328327301840654	-0.00333220245133525
0.133637220100116	0.137035895104473	0.332481498990924	0.329538881039821	-0.00294261795110384
0.122242128033875	0.125406551893956	0.318689215192691	0.321295896673533	0.00260668148084131
0.120496163244956	0.124995314786377	0.335753214759489	0.34005745765923	0.00430424289974146
0.13722257444532	0.140350298882618	0.452798218821597	0.444771810508919	-0.00802640831267831
0.178711881713771	0.18506822758384	0.475542436232579	0.481697382301917	0.00615494606933809
0.123322246070839	0.129214651165273	0.346661925621143	0.35687688023734	0.0102149546161972
0.124279681786005	0.131789813738933	0.406775454353056	0.416053116354369	0.00927766200131269
0.135830654159284	0.140036144060676	0.425985651287653	0.420486570045672	-0.00549908124198084
0.131345193517456	0.134950908930136	0.52595737351059	0.526142602540279	0.000185229029688538
0.112318909188853	0.116124694776493	0.330360925357459	0.328542878640275	-0.00181804671718389
0.121992474558882	0.126464412783488	0.381669225304199	0.386534482771432	0.00486525746723354
0.138838712084905	0.142094689525407	0.397113191528455	0.396069368962478	-0.00104382256597757
0.13149849526972	0.135871693532133	0.33125081696619	0.334775483789385	0.00352466682319585
0.110580113107625	0.113437374492762	0.327437118781315	0.322899741994866	-0.00453737678644922
0.125707223790639	0.128509819430906	0.410386671888949	0.409733939817641	-0.000652732071308837
0.139297485914638	0.143753593664927	0.442613717073891	0.444402965551777	0.00178924847788592
0.128207177271483	0.132097912638173	0.386081536053489	0.387663813777587	0.00158227772409886
0.138352393681899	0.141883131223887	0.437551084124623	0.440212209918337	0.00266112579371364
0.156306206832949	0.161483072646309	0.496619678050381	0.496795459004488	0.000175780954106697
0.152830980422082	0.156843388768804	0.493925520665032	0.49458026248389	0.000654741818858551
0.117340594295432	0.120869151993692	0.413595109744601	0.414779587512242	0.00118447776764136
0.134922878221597	0.139312859190012	0.408494849188798	0.410735769268463	0.00224092007966448
0.11333203008771	0.116091013822451	0.42794490438022	0.423619674989716	-0.00432522939050423
0.133849213473766	0.138853855764577	0.372434416577617	0.374062723447596	0.00162830686997939
0.129178672334723	0.134468545184024	0.4537475173009	0.460039477590242	0.00629196028934204
0.130917784590757	0.135540246305137	0.338579693797105	0.342352545048169	0.0037728512510643
0.126325944070198	0.130632828414133	0.409724282244662	0.413188529099679	0.00346424685501662
0.14417257915046	0.149350898166327	0.332801844040762	0.334068498516358	0.00126665447559521
0.139695654442077	0.142282031085413	0.375935626385541	0.371153253016321	-0.00478237336922016
0.136832968951474	0.141951038144469	0.410132866658084	0.409749607085991	-0.000383259572093175
0.142736534443259	0.145034719617094	0.438231626330301	0.432511080633916	-0.00572054569638564
