Univariate_LR_coefficients_null_raster	Univariate_LR_coefficients_gflcu_R	Univariate_LR_R2_null_raster	Univariate_LR_R2_gflcu_R	Univariate_LR_delta_R2_gflcu_R
0.509348634063282	0.50935840484236	0.501592752472326	0.501647969596353	0.0000552171240270072
0.161277939848129	0.161276587913651	0.128795083744666	0.128795534814705	0.000000451070038209878
0.315069315823578	0.315067288175518	0.171460156214606	0.171459832714205	-0.000000323500401216981
0.181228010384823	0.181228557857765	0.194462916269028	0.194466651390853	0.00000373512182491598
0.0807262044704342	0.0807257422485081	0.0155085973033488	0.0155085489836826	-0.0000000483196661554136
0.264527871520785	0.264520052969012	0.335467567228521	0.335459165640397	-0.00000840158812398517
0.351783052979205	0.351777377944045	0.392980579391446	0.392985926770924	0.00000534737947793795
0.266439706225198	0.266438575950638	0.307177978213235	0.307185651000784	0.00000767278754820744
0.200535996575834	0.20053172723364	0.129583487887477	0.129580944929044	-0.0000025429584327441
0.285993986073786	0.285995149501392	0.414382956180605	0.414388435805079	0.00000547962447400296
0.389843653990515	0.389837727141997	0.233513714640596	0.233512370968109	-0.0000013436724864424
0.28978942822516	0.289787179807784	0.0860889049763043	0.0860901326003688	0.00000122762406455645
0.203299055438912	0.203284435222891	0.160772201373582	0.160760632534914	-0.0000115688386673474
0.246282500717424	0.246277404275707	0.213465450274872	0.213465482550072	0.0000000322751997350323
0.228643762567207	0.228637724476797	0.156573133785999	0.156572261165464	-0.000000872620535191659
0.0951818943085608	0.0951844746252039	0.0173173966451589	0.0173188519706624	0.00000145532550344454
0.325869211709431	0.325861811950601	0.477480433085215	0.477483135766285	0.00000270268106977722
0.329931354673836	0.32992959430303	0.263121542323268	0.263123456407143	0.00000191408387467673
0.357355679266791	0.357349071807563	0.72968425213064	0.729677737652564	-0.00000651447807509253
0.0595397877392208	0.0595388726802699	0.0182528021468278	0.0182526054182671	-0.000000196728560677983
0.258026002031862	0.25802419429416	0.144083455553165	0.144085249649787	0.00000179409662176555
0.287675192226792	0.287675038198812	0.570973876532829	0.570978704038094	0.00000482750526464848
0.458449070804559	0.458444332573584	0.548233437375058	0.548230230451332	-0.00000320692372668407
0.216714014042273	0.216709562815385	0.159776713300561	0.159775340943832	-0.00000137235672847957
0.543467409014854	0.543451713214373	0.353862621749971	0.353851042424952	-0.000011579325019162
0.532350643706609	0.532342314322645	0.474401068708889	0.474401612325253	0.000000543616364090393
0.0956356568589826	0.095635668456709	0.0352525975724388	0.0352530988383345	0.000000501265895715142
0.410587611235948	0.4105821165395	0.460330754989065	0.46032953335773	-0.00000122163133586817
0.45643201535401	0.45641984565073	0.347806990861149	0.347806310482973	-0.000000680378175854646
0.2267030072019	0.226699041056112	0.152422384347048	0.152422448186449	0.0000000638394007657084
0.272262424192691	0.272261263073463	0.179146411499781	0.179148872327325	0.00000246082754401522
0.169519492866542	0.169518434521719	0.0629110608516909	0.0629110456421508	-0.0000000152095400718366
0.205512425829247	0.205508328059888	0.0271402170780602	0.0271402713834031	0.0000000543053428857243
0.411730807170089	0.411722507675285	0.573260957959234	0.573258095336023	-0.00000286262321114172
0.742662107165122	0.7426468130027	0.632117567918354	0.632115865401626	-0.00000170251672859667
0.253939159458204	0.253935493746584	0.0630191665679134	0.0630198751084239	0.000000708540510527267
0.205016294734511	0.205014394390302	0.112754797957632	0.112754766509357	-0.0000000314482750257694
0.288165709335759	0.288153255409952	0.179372333072955	0.179366219763198	-0.00000611330975619495
0.318677493092491	0.31867611045843	0.345777667103719	0.345780027401067	0.00000236029734762555
0.337823212762906	0.337818125019726	0.194656666488565	0.194662560451028	0.00000589396246342133
0.512546259455603	0.512540780014306	0.236034445797476	0.23604021423849	0.0000057684410140757
0.465287785152358	0.46527472960997	0.474044921078902	0.474039082390357	-0.00000583868854542313
0.179382993457596	0.179381906062631	0.0586173811693954	0.0586184153281452	0.00000103415874980889
0.527047809155911	0.527037203117293	0.366630750289874	0.366632380120155	0.0000016298302815132
0.257420569318673	0.257412166198628	0.297651367200353	0.297647787837457	-0.00000357936289502314
0.288293723783326	0.288297087525732	0.0828206745148953	0.0828251219385717	0.00000444742367644579
0.28465415537388	0.28465709383135	0.11248343066316	0.112489568589874	0.00000613792671483315
0.125700427714017	0.125698868237156	0.065873302570368	0.0658772825633809	0.0000039799930129647
0.292531297135728	0.292531124181221	0.389610179216604	0.389611438882526	0.00000125966592240401
0.459422156617499	0.459404469904855	0.43399152296117	0.433984334034159	-0.00000718892701073726
0.250925461615483	0.250917718718123	0.274639844389712	0.274634087405446	-0.00000575698426613647
0.218539362889769	0.218536698660456	0.11329977928515	0.113303136819926	0.00000335753477560818
0.379183007871704	0.379187079239102	0.45503270320628	0.455042036647053	0.00000933344077275189
0.312295425742977	0.312296090878124	0.278578059648626	0.278585439352252	0.00000737970362646445
0.187279851952955	0.187283212280743	0.248456006330683	0.24846976899036	0.0000137626596771745
0.386742593527444	0.386743111774237	0.559847042504585	0.559855006461754	0.00000796395716873288
0.0816354334142884	0.0816356942198771	0.0372522299117817	0.0372529969592107	0.000000767047428969214
0.205162809255206	0.205160531787688	0.127003939374187	0.127004234913964	0.000000295539777789289
0.534877697540481	0.534870209248106	0.475234948018741	0.475230135254274	-0.00000481276446678836
0.524443344329959	0.52441092833351	0.315890628503158	0.315879659905826	-0.0000109685973322393
0.182624165442694	0.182623967512699	0.293236689272095	0.293242677868907	0.00000598859681172348
0.46536389790376	0.465358251742881	0.704730259953136	0.704726619487781	-0.00000364046535539231
0.21080898835795	0.210802189325269	0.117591289382853	0.117590964273894	-0.000000325108958837417
0.351155648161095	0.351156124375409	0.286401072327671	0.286408643528907	0.00000757120123690003
0.327571675694138	0.327569253635892	0.533307636713373	0.533307115827963	-0.000000520885409693861
0.233200568765292	0.233196164125898	0.133963699615823	0.13396387977999	0.000000180164167085106
0.482422767048615	0.482411736724304	0.534947914747182	0.534959022481824	0.0000111077346424127
0.116453351562414	0.116451724150625	0.0207045032528459	0.0207050190453386	0.000000515792492654377
0.315935447005173	0.315928643014787	0.169484117342249	0.169482533825636	-0.00000158351661322387
0.512148254079097	0.512144549161596	0.117654359147752	0.117655668963267	0.00000130981551570153
0.38496430993838	0.384964005693197	0.158953400262828	0.15895450163005	0.00000110136722178411
0.0745262257121674	0.0745249857021806	0.0336399952140643	0.0336403256820724	0.000000330468008159779
0.208847155635344	0.208844656074559	0.450123714677371	0.450133937591643	0.0000102229142723287
0.091711883034598	0.0917121355837642	0.0182531492605099	0.0182534331359441	0.000000283875434190645
0.266412811878833	0.266400106310401	0.148019450137879	0.148015076198219	-0.00000437393966018496
0.150080250375363	0.150080314449423	0.0932652839737941	0.0932660532985889	0.000000769324794758219
0.797757940743428	0.797738184127596	0.585990322100777	0.585978248077832	-0.0000120740229445637
0.179726118098721	0.17972645769006	0.162659229382207	0.162661616185005	0.00000238680279854298
0.139250232655665	0.139244368529648	0.129568073407926	0.129565230392253	-0.00000284301567232692
0.349366857097869	0.349363768381831	0.43853509312949	0.438539592536473	0.00000449940698266094
0.548151276506386	0.548143631477581	0.308077163963569	0.3080789343117	0.00000177034813025889
0.205476477101373	0.205473886993469	0.0815720134127531	0.0815759966016789	0.00000398318892570748
0.284496549234635	0.284494158717408	0.144164848573463	0.144166385672271	0.00000153709880762465
0.444600130039371	0.444597707969859	0.105055517649688	0.105058491984768	0.00000297433508027189
0.297562065011571	0.297558469386521	0.270657402677992	0.270656155878457	-0.00000124679953483753
0.185649911898132	0.185646639266129	0.227488978116421	0.227489818634669	0.00000084051824894571
0.0695383293671997	0.069536914739811	0.0108048581581946	0.0108048316124429	-0.0000000265457516593348
0.272103874215064	0.272107299003882	0.245951519491312	0.245972894087582	0.0000213745962706346
0.179020812311324	0.179017351233934	0.0687441199386095	0.068743796901744	-0.000000323036865521042
0.292483304093323	0.292475466598661	0.310364118465681	0.310356234227209	-0.00000788423847208897
0.0723397597188497	0.0723394114641819	0.023930926219807	0.0239311468853405	0.000000220665533522818
0.452441005660505	0.452431008472065	0.11312837263029	0.113128689512328	0.000000316882037290633
0.200560304435114	0.200559906488848	0.208301946091325	0.208303807218444	0.00000186112711914044
0.256869819384707	0.256865566637735	0.11461938815483	0.11461832900448	-0.00000105915034945281
0.207897321498185	0.207898369846635	0.13102481403694	0.131029051727711	0.00000423769077137481
0.33624397018646	0.336234187600043	0.401306824480411	0.401295343595804	-0.0000114808846061742
0.589060614184412	0.589063897587866	0.448338841216864	0.448371156367246	0.0000323151503819341
0.146729605269791	0.146725949311706	0.0438009509916143	0.0438000824355038	-0.000000868556110499019
0.291677921082665	0.291675342129031	0.217103056643822	0.217103120309562	0.0000000636657396246854
0.257026795131185	0.25703163081747	0.155204793592837	0.155214453574367	0.00000965998153021341
