Univariate_LR_coefficients_null_raster	Univariate_LR_coefficients_wetland_combine_C	Univariate_LR_R2_null_raster	Univariate_LR_R2_wetland_combine_C	Univariate_LR_delta_R2_wetland_combine_C
0.151037596253434	0.157795814914947	0.388325426211782	0.392503519202287	0.00417809299050553
0.142351138918963	0.15074817452747	0.436539917974483	0.44419511047164	0.0076551924971569
0.15061894103494	0.158798606049794	0.331484844169957	0.332226215997619	0.000741371827662207
0.149109501396845	0.157494089850391	0.391100929521009	0.394880568776796	0.003779639255787
0.138266030192787	0.148344954554743	0.356658123281561	0.364303388789996	0.00764526550843458
0.134413272461843	0.14342866916417	0.330923808029505	0.335053387021494	0.0041295789919884
0.155307271787103	0.161230316802678	0.310004758301913	0.312070100464989	0.00206534216307586
0.119355114818103	0.123805994121476	0.400810233416745	0.392018585559924	-0.00879164785682041
0.174478796573689	0.181492513378301	0.381230953168027	0.388431164058151	0.00720021089012485
0.141288382665203	0.14744987985116	0.460137053713518	0.466656516960578	0.0065194632470601
0.124977933278092	0.132934285114536	0.312145938476485	0.317446662612407	0.0053007241359217
0.185951839082199	0.190687113119012	0.451731478046589	0.452616952459652	0.000885474413062359
0.168564799701209	0.175658085511452	0.377600859698911	0.376947714795163	-0.000653144903748015
0.14135447652732	0.147340156887664	0.413702606823832	0.414689150500774	0.00098654367694162
0.134935570076318	0.141522417644633	0.419738184440104	0.423910059621546	0.00417187518144119
0.130515677604834	0.135657840720934	0.397665040346926	0.395242368223729	-0.00242267212319663
0.118385804491202	0.124894246296086	0.339165400049451	0.344102267651631	0.00493686760218032
0.127284746478565	0.133687626947076	0.476114711898614	0.472172552124404	-0.00394215977421009
0.131660802094227	0.137371385398778	0.384057067358761	0.389449575729447	0.00539250837068544
0.111963322227191	0.118335745202108	0.3062869797441	0.307965690095791	0.00167871035169009
0.149408681848003	0.158262642824144	0.447118584520673	0.459416301911172	0.0122977173904994
0.13640914292868	0.144828781797871	0.456014578378146	0.46302132195413	0.00700674357598396
0.143259365536412	0.14876457787302	0.33308702249657	0.333911731325547	0.000824708828976617
0.0889051014579	0.091049085734842	0.266434951177938	0.258553320474743	-0.00788163070319414
0.131796710628302	0.137198132231274	0.412682574149289	0.412045211828046	-0.000637362321243673
0.115786231625102	0.122955437281514	0.410285761144215	0.414524370879108	0.00423860973489298
0.163143613161208	0.16956379747151	0.473531814679412	0.480943608556679	0.00741179387726704
0.13198902519245	0.13741863973546	0.313350476519462	0.314043249492336	0.000692772972873734
0.164516550807871	0.173052753930446	0.398229545449678	0.406172778861061	0.00794323341138276
0.128529485068277	0.132586792579966	0.308367486609988	0.303627114042323	-0.00474037256766519
0.116678355444994	0.124511526280267	0.24522814058283	0.252821013741745	0.00759287315891558
0.138825719796921	0.146366987885126	0.389492704390551	0.393855944676622	0.0043632402860711
0.147276902921486	0.154334100988012	0.431945154610262	0.437296089181365	0.00535093457110353
0.130123660943006	0.135814034156444	0.377802715056061	0.377952901474278	0.000150186418217235
0.128381053985146	0.137204139634856	0.418256084433854	0.430902610492127	0.0126465260582734
0.129341129764886	0.137876011142552	0.443109278248909	0.451134607604139	0.0080253293552302
0.140733327238492	0.147218131142536	0.556004129907417	0.555804704042548	-0.000199425864868874
0.129607834256173	0.136850799457048	0.409368574888041	0.415294106478276	0.00592553159023512
0.137703504654396	0.14128900205191	0.410167750547781	0.408323624509974	-0.00184412603780787
0.104801394527245	0.109112999057964	0.287285254424253	0.287273020281912	-1.22341423413053e-05
0.167174317588601	0.174947863020138	0.341025919299594	0.342532794200659	0.00150687490106494
0.12730027966483	0.134395448380441	0.334713137238643	0.339280969465106	0.00456783222646329
0.1081132237092	0.112976756348019	0.340713748996775	0.34384871184015	0.00313496284337522
0.109772319157903	0.117448911881091	0.344956972434441	0.356000938130059	0.0110439656956179
0.10200738123783	0.106051647116296	0.303232283563617	0.301177602183696	-0.00205468137992054
0.115063078355839	0.122328775117109	0.325618866620299	0.332690955283653	0.00707208866335468
0.16098771583314	0.165205761721434	0.3925870828435	0.386180472503177	-0.0064066103403228
0.168508375632228	0.173918089831372	0.369860938295555	0.374151808184075	0.00429086988852007
0.115524921683664	0.118855236582294	0.283221313477317	0.284357817544209	0.00113650406689236
0.113222392683958	0.121313122944109	0.363338257183709	0.366576138212778	0.00323788102906902
0.160074317167777	0.166236544750239	0.446458916200413	0.449505861244925	0.00304694504451236
0.134538909177353	0.136671491451499	0.398434881653583	0.392473655217255	-0.00596122643632735
0.154685758255744	0.16377755363495	0.407572357341492	0.414003699191908	0.00643134185041522
0.131499871809474	0.140337350870863	0.350865285964987	0.355215390263122	0.0043501042981352
0.179245833509231	0.187257748815513	0.523698251731677	0.524996658216348	0.0012984064846715
0.1416152926257	0.147916828981785	0.408746925156795	0.407972797766856	-0.00077412738993865
0.115175501740913	0.120542677548742	0.438280052686114	0.438883822689999	0.000603770003885784
0.117677233389475	0.124829433154076	0.404352475520988	0.408110192564512	0.00375771704352396
0.0871678636773959	0.0916854027065289	0.256518043789323	0.262220647774505	0.00570260398518208
0.132578063690766	0.137205547509237	0.393876286843974	0.390645411169798	-0.00323087567417657
0.148361908571459	0.153896482014833	0.442696501892419	0.443431684629134	0.000735182736714413
0.133059345339793	0.137313883383367	0.381137641209691	0.37489015082109	-0.00624749038860151
0.115280887922619	0.12250864556146	0.351437997110314	0.352625827559915	0.00118783044960052
0.183696425724865	0.190321985358613	0.499796538519041	0.500982801291353	0.00118626277231154
0.16586862579374	0.172876881996435	0.430358054294178	0.431169023341924	0.000810969047746246
0.113283955565216	0.118597395351686	0.410592867716501	0.4155501647548	0.00495729703829895
0.15224562042628	0.15577880283572	0.345274607851177	0.340097664558258	-0.00517694329291829
0.137794486054924	0.145051744141428	0.352482759955608	0.359822968113288	0.00734020815768083
0.123095216636265	0.127144256404038	0.331659504291989	0.327202250525336	-0.00445725376665301
0.133637220100116	0.138186295030337	0.332481498990924	0.328454341664649	-0.00402715732627534
0.122242128033875	0.127443541901644	0.318689215192691	0.325010087579912	0.00632087238722101
0.120496163244956	0.127998596998566	0.335753214759489	0.345764215090172	0.0100110003306835
0.13722257444532	0.14427590411986	0.452798218821597	0.447038422148498	-0.00575979667309984
0.178711881713771	0.188852808933092	0.475542436232579	0.487900881183642	0.0123584449510628
0.123322246070839	0.132157076681948	0.346661925621143	0.360506020752473	0.0138440951313306
0.124279681786005	0.136108624652897	0.406775454353056	0.425034068284842	0.0182586139317855
0.135830654159284	0.14188239821301	0.425985651287653	0.421651869355166	-0.00433378193248707
0.131345193517456	0.136253176667612	0.52595737351059	0.519066950756116	-0.00689042275447393
0.112318909188853	0.116753898338215	0.330360925357459	0.328744647542744	-0.00161627781471468
0.121992474558882	0.129526043281865	0.381669225304199	0.387975624711783	0.00630639940758371
0.138838712084905	0.144395112658264	0.397113191528455	0.400140911967892	0.00302772043943705
0.13149849526972	0.137135593861692	0.33125081696619	0.33535961036714	0.00410879340094988
0.110580113107625	0.115689936112087	0.327437118781315	0.32529086959765	-0.00214624918366513
0.125707223790639	0.130581802407544	0.410386671888949	0.406784706246159	-0.00360196564279031
0.139297485914638	0.146390721574433	0.442613717073891	0.447230661974207	0.00461694490031561
0.128207177271483	0.134381981073674	0.386081536053489	0.389974690520456	0.00389315446696753
0.138352393681899	0.144041077704492	0.437551084124623	0.442821145101814	0.00527006097719041
0.156306206832949	0.16237535775119	0.496619678050381	0.498354060472114	0.00173438242173346
0.152830980422082	0.160310545391202	0.493925520665032	0.497965437986053	0.0040399173210216
0.117340594295432	0.122324086490385	0.413595109744601	0.415242487794239	0.00164737804963805
0.134922878221597	0.142430986566135	0.408494849188798	0.41151531996649	0.00302047077769163
0.11333203008771	0.117251425715811	0.42794490438022	0.422335145384467	-0.00560975899575283
0.133849213473766	0.14193662799036	0.372434416577617	0.3831599722214	0.0107255556437834
0.129178672334723	0.135148858610923	0.4537475173009	0.457953670539381	0.00420615323848111
0.130917784590757	0.138495101639925	0.338579693797105	0.34726167521684	0.00868198141973531
0.126325944070198	0.133460749772908	0.409724282244662	0.418641283614549	0.00891700136988688
0.14417257915046	0.151195917738239	0.332801844040762	0.33587323692077	0.00307139288000791
0.139695654442077	0.148123853012811	0.375935626385541	0.381047228058784	0.00511160167324265
0.136832968951474	0.143547217967543	0.410132866658084	0.412252442914443	0.00211957625635928
0.142736534443259	0.150131530776786	0.438231626330301	0.44094616180218	0.00271453547187822
