Univariate_LR_coefficients_null_raster	Univariate_LR_coefficients_elevation_R	Univariate_LR_R2_null_raster	Univariate_LR_R2_elevation_R	Univariate_LR_delta_R2_elevation_R
0.509348634063282	0.000628522815747228	0.501592752472326	0.0569880087496893	-0.444604743722637
0.161277939848129	0.000557606722658255	0.128795083744666	0.0841257017158179	-0.0446693820288484
0.315069315823578	0.00274749964645964	0.171460156214606	0.192826779716899	0.0213666235022923
0.181228010384823	0.000816949100773559	0.194462916269028	0.264028962795196	0.0695660465261677
0.0807262044704342	0.000575912394724784	0.0155085973033488	0.0327254448064831	0.0172168475031343
0.264527871520785	0.000521826747115154	0.335467567228521	0.074965491805613	-0.260502075422908
0.351783052979205	0.00100838738535475	0.392980579391446	0.337838319703542	-0.0551422596879034
0.266439706225198	0.000611722655166452	0.307177978213235	0.0795892401105398	-0.227588738102696
0.200535996575834	0.00141480133051555	0.129583487887477	0.31093110347029	0.181347615582814
0.285993986073786	0.00153039921331719	0.414382956180605	0.543968742620711	0.129585786440106
0.389843653990515	0.00089021784539181	0.233513714640596	0.0945833492793283	-0.138930365361267
0.28978942822516	0.000710936323255177	0.0860889049763043	0.0702151970269894	-0.0158737079493149
0.203299055438912	0.00142708202990778	0.160772201373582	0.431648268193629	0.270876066820048
0.246282500717424	0.00174841641290917	0.213465450274872	0.654163334964257	0.440697884689385
0.228643762567207	0.00147896301442474	0.156573133785999	0.363299532770786	0.206726398984787
0.0951818943085608	-0.000176228475874991	0.0173173966451589	0.00338835723914517	-0.0139290394060138
0.325869211709431	0.00126046699208111	0.477480433085215	0.671732265618523	0.194251832533308
0.329931354673836	0.000771981837443939	0.263121542323268	0.0556194461581668	-0.207502096165102
0.357355679266791	0.000568285220310986	0.72968425213064	0.146171519026189	-0.583512733104451
0.0595397877392208	0.000326610196248617	0.0182528021468278	0.0459171015468096	0.0276642993999818
0.258026002031862	0.000728153248740402	0.144083455553165	0.102848825641172	-0.0412346299119929
0.287675192226792	0.00112241302236713	0.570973876532829	0.592583247147775	0.0216093706149458
0.458449070804559	0.00240755253035078	0.548233437375058	0.670013793319469	0.12178035594441
0.216714014042273	0.000341614684556808	0.159776713300561	0.0383585533769019	-0.121418159923659
0.543467409014854	0.00182667566564105	0.353862621749971	0.181888856840839	-0.171973764909132
0.532350643706609	0.00159679687206603	0.474401068708889	0.434402346357411	-0.0399987223514776
0.0956356568589826	0.000996330659736542	0.0352525975724388	0.224993863615775	0.189741266043337
0.410587611235948	0.00156162751915796	0.460330754989065	0.244259002422302	-0.216071752566763
0.45643201535401	0.00148809972998043	0.347806990861149	0.260893433266043	-0.0869135575951061
0.2267030072019	0.00131980387231506	0.152422384347048	0.29188891449734	0.139466530150292
0.272262424192691	0.00168767780195307	0.179146411499781	0.342386036556274	0.163239625056493
0.169519492866542	0.000894486169556917	0.0629110608516909	0.13231994132396	0.069408880472269
0.205512425829247	0.000319646872898857	0.0271402170780602	0.017558147863486	-0.00958206921457421
0.411730807170089	0.00125399703656772	0.573260957959234	0.432309870679965	-0.140951087279269
0.742662107165122	0.00256893925381994	0.632117567918354	0.158614745370292	-0.473502822548062
0.253939159458204	0.000802419769501732	0.0630191665679134	0.123790275347733	0.06077110877982
0.205016294734511	0.000628630339943461	0.112754797957632	0.118699499475662	0.00594470151802977
0.288165709335759	0.000455490803241159	0.179372333072955	0.0289802987960475	-0.150392034276907
0.318677493092491	0.00154633543079671	0.345777667103719	0.458265487914934	0.112487820811215
0.337823212762906	0.00138082527349022	0.194656666488565	0.397231497067655	0.202574830579091
0.512546259455603	0.000621231567068325	0.236034445797476	0.0427532724381925	-0.193281173359283
0.465287785152358	0.0019060531549508	0.474044921078902	0.623926552153502	0.1498816310746
0.179382993457596	0.000284186845817259	0.0586173811693954	0.00501417745020611	-0.0536032037191893
0.527047809155911	0.00125038465870828	0.366630750289874	0.206934725560452	-0.159696024729421
0.257420569318673	0.00108033803010032	0.297651367200353	0.339893854180992	0.0422424869806394
0.288293723783326	0.00172826965500662	0.0828206745148953	0.142621466339454	0.0598007918245585
0.28465415537388	0.000592923571159282	0.11248343066316	0.0505986452937714	-0.0618847853693881
0.125700427714017	0.000180341862829259	0.065873302570368	0.0176915831726519	-0.0481817193977161
0.292531297135728	0.0015196128881162	0.389610179216604	0.455852779920287	0.0662426007036829
0.459422156617499	0.00142830118601219	0.43399152296117	0.61207283428914	0.17808131132797
0.250925461615483	0.000445028755198124	0.274639844389712	0.0376823630513874	-0.236957481338325
0.218539362889769	0.00080187072398817	0.11329977928515	0.036149761412985	-0.0771500178721654
0.379183007871704	0.00111071256273904	0.45503270320628	0.432119101316284	-0.0229136018899961
0.312295425742977	0.00148919290176431	0.278578059648626	0.298224899909497	0.0196468402608714
0.187279851952955	0.000932546607621266	0.248456006330683	0.316491474369853	0.0680354680391702
0.386742593527444	0.00176715054425587	0.559847042504585	0.545573381881655	-0.0142736606229298
0.0816354334142884	-0.000010863137099103	0.0372522299117817	0.0000254047639986418	-0.0372268251477831
0.205162809255206	0.000930931528903844	0.127003939374187	0.177146297987571	0.0501423586133848
0.534877697540481	0.000226110740621996	0.475234948018741	0.00895256179343194	-0.466282386225309
0.524443344329959	0.00113812889129682	0.315890628503158	0.15347641215107	-0.162414216352088
0.182624165442694	0.000596666449499616	0.293236689272095	0.256220441117482	-0.0370162481546134
0.46536389790376	0.0015765375190771	0.704730259953136	0.521862035751727	-0.182868224201409
0.21080898835795	0.00106220398187093	0.117591289382853	0.20442053650749	0.086829247124637
0.351155648161095	0.000994419457668872	0.286401072327671	0.132089982221757	-0.154311090105914
0.327571675694138	0.00184466971726282	0.533307636713373	0.368750547795887	-0.164557088917486
0.233200568765292	0.001412046794996	0.133963699615823	0.197357807350117	0.0633941077342943
0.482422767048615	0.00197433803067087	0.534947914747182	0.543908944791367	0.00896103004418491
0.116453351562414	0.0013091684810741	0.0207045032528459	0.1576757705594	0.136971267306554
0.315935447005173	0.00122487725726684	0.169484117342249	0.220678909595064	0.0511947922528148
0.512148254079097	0.00167253654321616	0.117654359147752	0.136175791904913	0.0185214327571613
0.38496430993838	0.00154671349761292	0.158953400262828	0.100567747960785	-0.0583856523020436
0.0745262257121674	0.000350446832831184	0.0336399952140643	0.131164533081736	0.0975245378676719
0.208847155635344	0.000480325754916338	0.450123714677371	0.252171503667824	-0.197952211009546
0.091711883034598	0.00114122797892489	0.0182531492605099	0.0687751607541851	0.0505220114936752
0.266412811878833	0.000858635401209437	0.148019450137879	0.150127528140563	0.0021080780026845
0.150080250375363	0.00192235195511352	0.0932652839737941	0.346399425636383	0.253134141662589
0.797757940743428	0.00190476516865923	0.585990322100777	0.088225209583523	-0.497765112517254
0.179726118098721	0.000943535830120021	0.162659229382207	0.204055401595039	0.0413961722128318
0.139250232655665	0.000662386819251038	0.129568073407926	0.172116160532022	0.0425480871240959
0.349366857097869	0.00103610207903075	0.43853509312949	0.171988749220647	-0.266546343908843
0.548151276506386	0.00212123805550008	0.308077163963569	0.288726690759186	-0.0193504732043837
0.205476477101373	0.000998831715979778	0.0815720134127531	0.216806726192974	0.135234712780221
0.284496549234635	0.00128939825426643	0.144164848573463	0.156720881860243	0.0125560332867804
0.444600130039371	0.00207425863338445	0.105055517649688	0.18664376114162	0.0815882434919318
0.297562065011571	0.00170353747175087	0.270657402677992	0.382251266801004	0.111593864123012
0.185649911898132	0.000493495742599576	0.227488978116421	0.138525201499596	-0.0889637766168248
0.0695383293671997	0.000736694593908917	0.0108048581581946	0.0819979254823244	0.0711930673241298
0.272103874215064	0.000809265437530583	0.245951519491312	0.0510578504241204	-0.194893669067191
0.179020812311324	0.00176936076434918	0.0687441199386095	0.272301198066968	0.203557078128359
0.292483304093323	0.00145886943511911	0.310364118465681	0.412670773375016	0.102306654909335
0.0723397597188497	0.00072188250342944	0.023930926219807	0.089556775766816	0.065625849547009
0.452441005660505	0.00141893941313509	0.11312837263029	0.133763044439226	0.0206346718089355
0.200560304435114	0.00139478163853368	0.208301946091325	0.18906395106851	-0.0192379950228147
0.256869819384707	0.000751307661256577	0.11461938815483	0.100176273529381	-0.0144431146254487
0.207897321498185	0.000730586045165531	0.13102481403694	0.140429082755561	0.00940426871862068
0.33624397018646	0.000866141269900278	0.401306824480411	0.100968730607011	-0.300338093873399
0.589060614184412	0.00130727668574094	0.448338841216864	0.14788723326793	-0.300451607948934
0.146729605269791	0.000100975576479898	0.0438009509916143	0.00120398091389641	-0.0425969700777179
0.291677921082665	0.000244243699753507	0.217103056643822	0.0174081149342012	-0.199694941709621
0.257026795131185	0.00165892188182008	0.155204793592837	0.379879651618616	0.22467485802578
