Univariate_LR_coefficients_null_raster	Univariate_LR_coefficients_gflcu_C	Univariate_LR_R2_null_raster	Univariate_LR_R2_gflcu_C	Univariate_LR_delta_R2_gflcu_C
0.222819522244156	0.222865370576427	0.225790609005007	0.225794217878665	3.60887365769003e-06
0.30323869358435	0.303301645117915	0.251825580364646	0.251835005286362	9.42492171651654e-06
0.205667273279815	0.205715830715152	0.348586858615999	0.348612709330019	2.58507140198927e-05
0.198107318385253	0.198137565581251	0.343317142018877	0.343284512680983	-3.26293378943854e-05
0.266017256220056	0.266084637388615	0.373164257482372	0.37316384513787	-4.12344501099504e-07
0.223004802734047	0.22305835345257	0.452085105192932	0.452107241050554	2.21358576221742e-05
0.325693178625149	0.325770316105315	0.469895501528423	0.469878284883739	-1.72166446835709e-05
0.312788566151232	0.312868689132106	0.400137607691373	0.40019718341593	5.95757245568374e-05
0.263360018296483	0.263426654099616	0.388001255005143	0.38803656446402	3.53094588765313e-05
0.253337589858094	0.253357626281211	0.305782178200249	0.305719050201867	-6.31279983817068e-05
0.276411448712494	0.27643686776159	0.300161468778702	0.300100744754275	-6.07240244263063e-05
0.163793104152798	0.163815083612325	0.340544575615153	0.340494294104154	-5.02815109988952e-05
0.21068708672015	0.210732275162199	0.382997249662793	0.383012163747063	1.49140842701234e-05
0.205096837255184	0.205129618502061	0.161117493075028	0.161116937052462	-5.56022566711167e-07
0.201199870827006	0.201236054221827	0.394514784874963	0.394491139947059	-2.36449279045758e-05
0.260538936296584	0.260585616992214	0.353927097924863	0.353947307159753	2.02092348901006e-05
0.190867574689895	0.190901815871098	0.333128451153511	0.333118476039445	-9.97511406541918e-06
0.180410147012328	0.180451596569739	0.219906921992264	0.219915429080454	8.50708818977974e-06
0.255426355962294	0.255478376420757	0.298627472054518	0.298624213484637	-3.25856988098172e-06
0.197287392065138	0.197321003580629	0.225581198976633	0.225579422095024	-1.77688160937772e-06
0.201639024924044	0.20167141541107	0.338053924833599	0.338058537244775	4.61241117644118e-06
0.180680129653145	0.180680498840112	0.222518713436317	0.222423981910916	-9.47315254014036e-05
0.246080598351616	0.246125138957707	0.472562044388236	0.47257447204852	1.24276602835316e-05
0.200178833629194	0.200228079136942	0.235506045078312	0.235545315505832	3.92704275196665e-05
0.269880938946026	0.269927046168539	0.383265300094942	0.383267823694857	2.52359991470552e-06
0.180139242829934	0.180154739408173	0.171586484100425	0.171548021087372	-3.84630130524921e-05
0.243953345727508	0.243991271004864	0.291358036734729	0.291319937205598	-3.8099529131308e-05
0.247983374684704	0.248025767594967	0.271182892971096	0.271179131883139	-3.76108795774321e-06
0.25902912312164	0.259060789488628	0.385862743673191	0.385824617377681	-3.81262955100325e-05
0.258190676386045	0.258233131981652	0.303776104195299	0.303762489311572	-1.36148837263095e-05
0.209824007476643	0.209854546795771	0.279499323142856	0.279469193538232	-3.01296046238964e-05
0.211241343695487	0.211288516338241	0.383919859059414	0.383930008610878	1.0149551464278e-05
0.244995465934506	0.245029331182461	0.342221800463975	0.34216744163958	-5.43588243945292e-05
0.212406899088952	0.212453555999703	0.324653368016391	0.324663887406005	1.05193896140499e-05
0.296152762230786	0.296213689850787	0.412730472893574	0.412730002622361	-4.70271212804629e-07
0.206031280547657	0.206055043873662	0.286827253460397	0.28679560546494	-3.16479954573512e-05
0.192919142990522	0.192961654577931	0.340349651115775	0.340378383072566	2.87319567900957e-05
0.217268529894743	0.217303621423391	0.368799706554374	0.368778507469568	-2.11990848059118e-05
0.268961936374793	0.269028703273476	0.364476340200711	0.364491698088815	1.53578881040839e-05
0.202543594000953	0.202572486071899	0.236151733613559	0.236130257664229	-2.14759493295524e-05
0.232028090770477	0.232067847297921	0.24092683226158	0.240918609943232	-8.22231834821108e-06
0.256829553013413	0.25688898997342	0.279460861486918	0.279488781235127	2.79197482087046e-05
0.211465873314549	0.211499344028824	0.307188606072213	0.307151198218378	-3.74078538352141e-05
0.193986060572579	0.194027111093438	0.233934824560764	0.233945859063731	1.10345029669112e-05
0.217372388602555	0.217410883474873	0.315237320301329	0.315255422379782	1.81020784537078e-05
0.179934712193924	0.179968891251751	0.224288964474718	0.224288958862522	-5.61219556938219e-09
0.166129126384747	0.16615605127366	0.177367080306322	0.177358536356391	-8.54394993043961e-06
0.183414410032738	0.183447539931049	0.357109990525493	0.357093172668399	-1.68178570942312e-05
0.214642925419474	0.214688745199328	0.284415416435326	0.284429425138078	1.4008702751922e-05
0.235765476889799	0.235811165069417	0.538974373576413	0.538963400883878	-1.09726925352494e-05
0.209944538291596	0.209975735959668	0.406956290819143	0.406966292019311	1.00012001683636e-05
0.233337623005543	0.233379941628796	0.333720817413073	0.333704580765203	-1.62366478699827e-05
0.281084677191373	0.281137874673958	0.46488923643515	0.464881850795053	-7.38564009744591e-06
0.37487579716325	0.374931693002955	0.429879352186057	0.429866182449681	-1.31697363761618e-05
0.263748099475411	0.263802976516087	0.339247272064378	0.339270647213292	2.33751489133738e-05
0.220981228671124	0.221013025052651	0.216842294720352	0.216840598282361	-1.69643799177721e-06
0.22024732656777	0.22029154951568	0.331950054504101	0.331968981319187	1.89268150857513e-05
0.239251232648356	0.239291813338812	0.373276718942098	0.373248559202388	-2.81597397105426e-05
0.229548574240751	0.229583448336302	0.379035292163742	0.379033405800198	-1.88636354470084e-06
0.268206167264813	0.268261459610055	0.381251202024942	0.381224017093505	-2.71849314375516e-05
0.2848875578817	0.284921347084905	0.291753496388956	0.291729404760618	-2.40916283384407e-05
0.167877490337337	0.167921595843973	0.285655277571106	0.285679118343668	2.38407725612899e-05
0.320386189329167	0.320450924562963	0.31513640709585	0.315150355039178	1.3947943328485e-05
0.187798072898109	0.187830208112196	0.35037866682321	0.350348741928027	-2.99248951829423e-05
0.240182755564461	0.240221319058229	0.405881069958382	0.405858083774063	-2.29861843191181e-05
0.237115674083162	0.237176402320948	0.374696809338991	0.374735211976916	3.84026379249836e-05
0.146454929562371	0.146482267463548	0.197883217055999	0.197888856708165	5.63965216579532e-06
0.204459721141792	0.204472348723845	0.264640227175977	0.264583672519845	-5.655465613158e-05
0.176855149231057	0.176884702805475	0.176388633541358	0.176377367172222	-1.12663691362869e-05
0.177930168023543	0.17796390668516	0.217822114114552	0.217805698636709	-1.64154778431458e-05
0.184740446488914	0.184775833645744	0.290424205338617	0.290409691240123	-1.45140984941783e-05
0.218383892309887	0.218408126466526	0.36905611801325	0.368991109754623	-6.50082586269307e-05
0.331058115474386	0.331126963180412	0.305403533804577	0.305419109343835	1.55755392576284e-05
0.226509123719329	0.226561039413204	0.296148230478894	0.296173095523224	2.48650443298026e-05
0.256569911503551	0.256620881031629	0.400870862865342	0.400882364880725	1.15020153828582e-05
0.215572864145086	0.215602345136468	0.375663066856621	0.375647421018812	-1.56458378092195e-05
0.265001766795531	0.265070033405519	0.416688327579464	0.416702574249139	1.42466696747001e-05
0.212695326546727	0.212727042506921	0.30772664342743	0.307719566790597	-7.07663683280346e-06
0.223156575126236	0.223219739348411	0.510665076616354	0.510699485064336	3.44084479824147e-05
0.217057209772791	0.217096650913776	0.335122734599639	0.335116342086024	-6.39251361589377e-06
0.218660779852592	0.218696817314201	0.322847896914338	0.322835298054434	-1.25988599040672e-05
0.275818064093814	0.275848747025424	0.240004119704913	0.239972480893488	-3.16388114247335e-05
0.244070408196603	0.244079206304443	0.279615339155121	0.279511085708244	-0.000104253446876701
0.182109855758879	0.182147811140192	0.307519095655317	0.30752077366025	1.6780049334475e-06
0.181152648543087	0.181176656344079	0.286809759606973	0.286771296118696	-3.84634882765744e-05
0.246498786766735	0.246537343014247	0.349650740465462	0.349625002115706	-2.57383497558328e-05
0.219743240129023	0.219795396218329	0.391451138493332	0.391483941620275	3.28031269434259e-05
0.189692625288812	0.189719359074611	0.272504010882626	0.272491756704003	-1.22541786228836e-05
0.260599408411358	0.260615566992432	0.313878215861824	0.313802109351571	-7.61065102527492e-05
0.16906711314208	0.169099774286559	0.403680516064048	0.403695651895297	1.5135831248736e-05
0.196138361639848	0.19618498864759	0.365216662922906	0.365242354167983	2.5691245076509e-05
0.199510880302591	0.199529447778608	0.162701380267353	0.162671220912288	-3.01593550648127e-05
0.17108605712449	0.171109154041816	0.263788154726978	0.263760666265985	-2.7488460993097e-05
0.225725933895176	0.225760193102753	0.315847562688074	0.315819369871849	-2.81928162250145e-05
0.222295271800955	0.222350500946665	0.331926744610458	0.33197790491205	5.11603015916906e-05
0.261051242924666	0.261104015175464	0.41266284847157	0.412639828695109	-2.3019776460742e-05
0.228167162972808	0.228222604508588	0.405739620601347	0.405724319266892	-1.53013344558195e-05
0.236507440578315	0.236548544402233	0.381168339506244	0.381150985996087	-1.73535101567479e-05
0.21021384109126	0.21024608404991	0.271693212493876	0.271678576258564	-1.46362353113383e-05
0.237234984589285	0.237267836606484	0.369376270419768	0.369332031115565	-4.42393042024425e-05
