Univariate_LR_coefficients_null_raster	Univariate_LR_coefficients_cul_veg_C	Univariate_LR_R2_null_raster	Univariate_LR_R2_cul_veg_C	Univariate_LR_delta_R2_cul_veg_C
0.222819522244156	1.59492359822836	0.225790609005007	0.087242464894036	-0.138548144110971
0.30323869358435	0.984487235865227	0.251825580364646	0.0218172376086946	-0.230008342755951
0.205667273279815	0.852084840320336	0.348586858615999	0.0414650633104067	-0.307121795305593
0.198107318385253	1.06170959895819	0.343317142018877	0.0849625609582042	-0.258354581060673
0.266017256220056	1.14890837196668	0.373164257482372	0.0636179055240602	-0.309546351958311
0.223004802734047	1.1521216008558	0.452085105192932	0.123958289156177	-0.328126816036755
0.325693178625149	1.6983779145387	0.469895501528423	0.109188618747343	-0.36070688278108
0.312788566151232	1.03001833931446	0.400137607691373	0.0559509177321982	-0.344186689959175
0.263360018296483	0.70161534067491	0.388001255005143	0.0379765856091753	-0.350024669395968
0.253337589858094	1.00409097736285	0.305782178200249	0.0309900731073916	-0.274792105092857
0.276411448712494	0.765837147723229	0.300161468778702	0.0189059011134983	-0.281255567665203
0.163793104152798	0.804797248054635	0.340544575615153	0.0480139804211843	-0.292530595193968
0.21068708672015	0.856817602268045	0.382997249662793	0.0426149404135678	-0.340382309249225
0.205096837255184	1.44804116643048	0.161117493075028	0.0575589267809465	-0.103558566294082
0.201199870827006	1.18672862735831	0.394514784874963	0.0850200516907143	-0.309494733184249
0.260538936296584	0.979591557178506	0.353927097924863	0.0387944936056735	-0.315132604319189
0.190867574689895	1.03806565026022	0.333128451153511	0.0686108121415169	-0.264517639011994
0.180410147012328	0.726103375995539	0.219906921992264	0.0267207161740598	-0.193186205818204
0.255426355962294	0.935217977247972	0.298627472054518	0.03016548409699	-0.268461987957528
0.197287392065138	1.75868710436322	0.225581198976633	0.192118475833157	-0.0334627231434766
0.201639024924044	0.846728505580735	0.338053924833599	0.0378030836153778	-0.300250841218221
0.180680129653145	0.990068908837033	0.222518713436317	0.0596506142465675	-0.16286809918975
0.246080598351616	1.19384449087362	0.472562044388236	0.0612760270897306	-0.411286017298506
0.200178833629194	1.11174091526919	0.235506045078312	0.065921568840549	-0.169584476237763
0.269880938946026	1.12631968093217	0.383265300094942	0.0669512509432832	-0.316314049151659
0.180139242829934	0.784859193410329	0.171586484100425	0.0225065293711721	-0.149079954729253
0.243953345727508	0.936155792466887	0.291358036734729	0.0441632027081858	-0.247194834026544
0.247983374684704	1.04668782669537	0.271182892971096	0.0327282888751615	-0.238454604095935
0.25902912312164	1.37388664497269	0.385862743673191	0.109958263239044	-0.275904480434147
0.258190676386045	1.32814710668734	0.303776104195299	0.0635467303550445	-0.240229373840254
0.209824007476643	0.940862933669344	0.279499323142856	0.0425858036858449	-0.236913519457011
0.211241343695487	1.20909432937237	0.383919859059414	0.081406102175355	-0.302513756884059
0.244995465934506	0.995980179587732	0.342221800463975	0.039257491271882	-0.302964309192093
0.212406899088952	0.950285692119934	0.324653368016391	0.0750740757189864	-0.249579292297404
0.296152762230786	1.33751141577033	0.412730472893574	0.0581099555973043	-0.354620517296269
0.206031280547657	1.011390873321	0.286827253460397	0.0577731191501633	-0.229054134310234
0.192919142990522	0.793330080188164	0.340349651115775	0.0513518749108598	-0.288997776204916
0.217268529894743	1.02865774780229	0.368799706554374	0.0498470496216541	-0.31895265693272
0.268961936374793	1.17542421070461	0.364476340200711	0.0438868155608943	-0.320589524639817
0.202543594000953	0.588058237243731	0.236151733613559	0.0294069718501109	-0.206744761763448
0.232028090770477	1.07143737111085	0.24092683226158	0.035650102577237	-0.205276729684343
0.256829553013413	1.25467443243953	0.279460861486918	0.0455283974229623	-0.233932464063956
0.211465873314549	0.826539243502578	0.307188606072213	0.0337852242570523	-0.273403381815161
0.193986060572579	0.856258195621817	0.233934824560764	0.0354058350849157	-0.198528989475848
0.217372388602555	0.734877373831011	0.315237320301329	0.0341453584150044	-0.281091961886324
0.179934712193924	0.918041834012484	0.224288964474718	0.0393877368884943	-0.184901227586223
0.166129126384747	0.828227085024087	0.177367080306322	0.0267655467945667	-0.150601533511755
0.183414410032738	0.781108640137225	0.357109990525493	0.0390199813168307	-0.318090009208663
0.214642925419474	0.665891058291974	0.284415416435326	0.0286842658240386	-0.255731150611287
0.235765476889799	1.04256855488659	0.538974373576413	0.0621109347666545	-0.476863438809759
0.209944538291596	0.883537792469245	0.406956290819143	0.080492652654612	-0.326463638164531
0.233337623005543	1.12833758983672	0.333720817413073	0.0463489387329061	-0.287371878680166
0.281084677191373	1.4042740067578	0.46488923643515	0.0581888028123369	-0.406700433622813
0.37487579716325	1.49038261525923	0.429879352186057	0.050190374170478	-0.379688978015579
0.263748099475411	1.2351642986151	0.339247272064378	0.0712134205599967	-0.268033851504382
0.220981228671124	0.924287507686674	0.216842294720352	0.024490786230435	-0.192351508489917
0.22024732656777	0.568729389823006	0.331950054504101	0.0411706177048957	-0.290779436799205
0.239251232648356	1.11757204408922	0.373276718942098	0.0439138556976911	-0.329362863244407
0.229548574240751	1.07790078088222	0.379035292163742	0.0486271377534758	-0.330408154410267
0.268206167264813	1.0036038352735	0.381251202024942	0.0373417593008946	-0.343909442724048
0.2848875578817	1.2187688664383	0.291753496388956	0.0374202875199051	-0.254333208869051
0.167877490337337	0.870429256376695	0.285655277571106	0.049937901884666	-0.23571737568644
0.320386189329167	1.39864361318135	0.31513640709585	0.0339345251149265	-0.281201881980923
0.187798072898109	0.853920000368007	0.35037866682321	0.0443172101791343	-0.306061456644076
0.240182755564461	1.13559635706871	0.405881069958382	0.060316172212201	-0.345564897746181
0.237115674083162	0.576548412955412	0.374696809338991	0.0332288046740005	-0.34146800466499
0.146454929562371	1.02887700402106	0.197883217055999	0.0724986537852348	-0.125384563270764
0.204459721141792	0.786999786439567	0.264640227175977	0.0336063087195246	-0.231033918456452
0.176855149231057	1.03376984858045	0.176388633541358	0.0499312858854947	-0.126457347655864
0.177930168023543	0.761269113236809	0.217822114114552	0.0262853838852822	-0.19153673022927
0.184740446488914	0.860668512067126	0.290424205338617	0.0365265529643083	-0.253897652374309
0.218383892309887	0.977189518040022	0.36905611801325	0.0609943986611966	-0.308061719352053
0.331058115474386	1.36047692244764	0.305403533804577	0.0485161953039828	-0.256887338500594
0.226509123719329	0.889044143758312	0.296148230478894	0.0342597395252874	-0.261888490953606
0.256569911503551	1.06672491155685	0.400870862865342	0.0498773354146117	-0.35099352745073
0.215572864145086	0.938918580724822	0.375663066856621	0.0453172942235922	-0.330345772633029
0.265001766795531	1.09889949979572	0.416688327579464	0.0553470025203249	-0.361341325059139
0.212695326546727	0.922049377280904	0.30772664342743	0.0363382925532825	-0.271388350874148
0.223156575126236	1.18171727026598	0.510665076616354	0.0762173805372484	-0.434447696079106
0.217057209772791	0.863007706823607	0.335122734599639	0.0762151378134066	-0.258907596786233
0.218660779852592	0.94370431696818	0.322847896914338	0.0372115060027295	-0.285636390911609
0.275818064093814	0.962465584499474	0.240004119704913	0.0220534478721129	-0.2179506718328
0.244070408196603	0.981015157048907	0.279615339155121	0.0335587666902313	-0.24605657246489
0.182109855758879	0.855333288469647	0.307519095655317	0.0403109727542182	-0.267208122901099
0.181152648543087	0.848147976405059	0.286809759606973	0.0482045704530361	-0.238605189153937
0.246498786766735	1.13746107383453	0.349650740465462	0.0487481710801575	-0.300902569385304
0.219743240129023	1.08574987946807	0.391451138493332	0.0515158373976841	-0.339935301095648
0.189692625288812	0.746125860711913	0.272504010882626	0.0380577365324794	-0.234446274350146
0.260599408411358	1.09071505685677	0.313878215861824	0.0364938585011475	-0.277384357360676
0.16906711314208	0.607215419656447	0.403680516064048	0.0559944567328777	-0.34768605933117
0.196138361639848	0.948834840415691	0.365216662922906	0.046020125993228	-0.319196536929678
0.199510880302591	0.666627023539692	0.162701380267353	0.0157400486229065	-0.146961331644446
0.17108605712449	0.411862252309952	0.263788154726978	0.0243698037387474	-0.239418350988231
0.225725933895176	0.957880281306684	0.315847562688074	0.0367684857610473	-0.279079076927027
0.222295271800955	1.01815380749957	0.331926744610458	0.058067440498307	-0.273859304112151
0.261051242924666	1.09366079577612	0.41266284847157	0.0428869069396383	-0.369775941531931
0.228167162972808	1.2024909878602	0.405739620601347	0.0808282661018101	-0.324911354499537
0.236507440578315	1.08162204684167	0.381168339506244	0.0524787555706202	-0.328689583935624
0.21021384109126	0.726923647776388	0.271693212493876	0.0273112614352102	-0.244381951058666
0.237234984589285	1.06551759564321	0.369376270419768	0.0435203011418691	-0.325855969277898
