Univariate_LR_coefficients_null_raster	Univariate_LR_coefficients_duck_C	Univariate_LR_R2_null_raster	Univariate_LR_R2_duck_C	Univariate_LR_delta_R2_duck_C
0.501156897729927	22.3892849431528	0.504747196006315	0.111949207809549	-0.392797988196766
0.157329486545172	7.97422761508299	0.116260839895008	0.0283640126546491	-0.0878968272403591
0.315069315823578	30.8572740222879	0.171460156214606	0.171962293354635	0.000502137140028697
0.176009721470819	6.78937529322264	0.184103749778326	0.0595919455343502	-0.124511804243976
0.0800901575744007	2.55083833812413	0.0152654247136953	0.00108829568389547	-0.0141771290297998
0.153037678473847	6.04077126852498	0.184209767323393	0.0240541271138353	-0.160155640209557
0.348914525027822	23.4981909473571	0.392957858872661	0.235912817231017	-0.157045041641644
0.248288835254325	26.4879756116785	0.333869705760653	0.203710390335972	-0.130159315424681
0.19930190752817	8.44376461509532	0.127859540886459	0.111140044141597	-0.0167194967448615
0.283136239915263	9.11597628263272	0.40132378456889	0.660372674913787	0.259048890344897
0.366063245609966	28.3994357275431	0.624217085192176	0.344496183543735	-0.27972090164844
0.283589697448926	26.0374269052396	0.0843422273393643	0.0567584378309598	-0.0275837895084045
0.197488491887541	15.1105796772793	0.15622999876948	0.0695926388634949	-0.0866373599059853
0.246282500717424	12.4296891756593	0.213465450274872	0.0494776379462643	-0.163987812328608
0.228716114162637	14.2098925174756	0.155626882627737	0.025058634812017	-0.13056824781572
0.0324646383289867	-6.17042208883405	0.00220636834254407	0.00629951273796104	0.00409314439541696
0.325541255326029	4.92711398580735	0.474919952073835	0.601158526013081	0.126238573939246
0.277331174129655	27.100359799826	0.852010937819747	0.422464285316177	-0.42954665250357
0.356080614262532	28.8551068597926	0.727852385070605	0.418959810535855	-0.308892574534751
0.0653347861954178	3.01053994399862	0.0269593270883041	0.00312367547642864	-0.0238356516118755
0.313723228291105	17.9918840195043	0.35139349138896	0.139742976542192	-0.211650514846768
0.287675192226792	3.95558345237157	0.570973876532829	0.426512231003075	-0.144461645529754
0.418748142387677	42.2833283966493	0.488703486572187	0.311371818010082	-0.177331668562105
0.149069041944543	12.7457207836143	0.277835978466671	0.25334423503929	-0.0244917434273809
0.536852653545413	58.9123457429603	0.349855699420234	0.241109420102552	-0.108746279317682
0.532350643706609	23.4817641033589	0.474401068708889	0.285326048368823	-0.189075020340066
0.0956356568589826	10.1597659344641	0.0352525975724388	0.0329112005708331	-0.00234139700160568
0.410587611235948	20.8809471023779	0.460330754989065	0.576481699227868	0.116150944238802
0.446156184659295	27.2862860827112	0.34217999252413	0.0846400110822817	-0.257539981441848
0.2267030072019	10.1327191378682	0.152422384347048	0.0188316196117631	-0.133590764735285
0.272262424192691	22.1841943283783	0.179146411499781	0.0855497431564828	-0.0935966683432982
0.168888646160384	27.3464950073353	0.0628750269085144	0.110627757734118	0.0477527308256037
0.191626736941344	19.3266194138517	0.0242792859295745	0.0238974246372681	-0.000381861292306489
0.404511499921814	29.0560201639849	0.566175758342531	0.330181819851039	-0.235993938491492
0.337089331473337	24.921162486272	0.415938471639318	0.127994974334929	-0.287943497304389
0.248189765645797	11.448848785885	0.062298427622718	0.0521912411906711	-0.010107186432047
0.201982433296538	10.710970669802	0.109490908685783	0.0160639777080251	-0.0934269309777579
0.282053076602077	25.0088194880208	0.176066336490886	0.115492312438981	-0.0605740240519054
0.317044286984878	25.9709001399869	0.345866831311503	0.163773338026917	-0.182093493284586
0.336418772213593	44.4619397682883	0.196174789629491	0.285945094860285	0.0897703052307935
0.536749690487128	27.655107074682	0.270010600016909	0.099062139845257	-0.170948460171652
0.469148680096951	26.6433069476314	0.46863194840891	0.228953728051733	-0.239678220357178
0.199673015927008	18.6810446062836	0.0727957228104563	0.0437575542780722	-0.0290381685323841
0.45269000833374	23.8921684617692	0.50627520657511	0.373280478776008	-0.132994727799102
0.25668429020201	13.9099049256878	0.294356865424027	0.0411526490046063	-0.253204216419421
0.239299485538319	18.4573943544302	0.0557004284968266	0.0271702256591873	-0.0285302028376394
0.32024838092107	2.81608942079172	0.144555096255654	0.0140107607006322	-0.130544335555022
0.151711054736116	9.27368832760567	0.388756589191325	0.432099067418466	0.0433424782271409
0.289894739849803	10.652111969413	0.365660757140382	0.729883452348943	0.364222695208561
0.459422156617499	33.779612700608	0.43399152296117	0.641104500748586	0.207112977787416
0.25398426522095	13.6966684146154	0.275236048861812	0.552207815834641	0.276971766972829
0.217070144825144	11.4910315979581	0.127122819733635	0.0202719523957604	-0.106850867337875
0.393190424082084	28.5280909642991	0.509900576968159	0.161037912437119	-0.34886266453104
0.312295425742977	11.7123360103697	0.278578059648626	0.105426238058305	-0.173151821590321
0.187279851952955	8.41302092008524	0.248456006330683	0.357824657785109	0.109368651454426
0.39512317490518	45.2350568554267	0.577863387611918	0.564510594623752	-0.0133527929881668
0.0907067875950869	4.96199440868374	0.0897594896038555	0.0136316830529036	-0.0761278065509519
0.211100538302174	16.6005232450572	0.146825052776406	0.0705044466636453	-0.0763206061127611
0.645948213885682	44.0917615146101	0.442122539090486	0.438262294869955	-0.00386024422053083
0.517279179948932	11.6011346465594	0.312614170483699	0.024300712669325	-0.288313457814374
0.180254203551049	10.0628553909179	0.293413522336033	0.201538197065802	-0.0918753252702314
0.374992835257135	42.6752432626526	0.532989227438533	0.423324357901433	-0.1096648695371
0.242759004360408	21.8269724406357	0.0983783130091108	0.0749955663052298	-0.023382746703881
0.352529762843326	-2.17035150907307	0.275594616482134	0.000519786761254047	-0.27507482972088
0.327571675694138	31.9319507195642	0.533307636713373	0.715792956232681	0.182485319519308
0.240116446327108	11.4463781564302	0.142519458963008	0.0318583303774576	-0.11066112858555
0.479126460671394	46.4820634006023	0.532662798194769	0.537262358357912	0.00459956016314333
0.116870887619808	10.7874859881563	0.0213445850728735	0.00975691372049847	-0.011587671352375
0.315935447005173	6.79707928850993	0.169484117342249	0.00996909412028556	-0.159515023221963
0.569746757243045	45.7891433074491	0.179280395013883	0.146364283715333	-0.0329161112985494
0.38496430993838	14.9957536735449	0.158953400262828	0.0118036343678414	-0.147149765894987
0.072312679759086	4.00392765164874	0.032993487906395	0.0173452340870418	-0.0156482538193532
0.207227589900439	13.3198416180538	0.448332808836377	0.335795430705609	-0.112537378130768
0.084933958640276	-0.45143216572885	0.0153560934388594	3.27561014970736e-05	-0.0153233373373623
0.263223992607344	-0.478722596822591	0.141935884615107	7.24482399299319e-05	-0.141863436375177
0.150080250375363	36.1654842081976	0.0932652839737941	0.311224217675406	0.217958933701612
0.385245052610054	10.2515301402091	0.431562221660442	0.0169999653168283	-0.414562256343613
0.198104373632002	13.2808343308262	0.2140909948096	0.0844835927227211	-0.129607402086879
0.153328851625575	10.9741328310269	0.299656912758819	0.0945031549329073	-0.205153757825911
0.245558321761633	17.2007555073936	0.348022656055397	0.121689503406059	-0.226333152649338
0.548151276506386	24.0362604538105	0.308077163963569	0.053434848238245	-0.254642315725324
0.20018067381511	13.8383441928036	0.0811364207478476	0.106213138574162	0.0250767178263141
0.37020286204947	8.52624843345712	0.167372694874008	0.031048040712735	-0.136324654161273
0.442382555279091	16.5177596949727	0.106032430244307	0.0142028783905787	-0.0918295518537285
0.297562065011571	4.17705207646326	0.270657402677992	0.00432085778627104	-0.266336544891721
0.199590168620423	1.13764950659934	0.24769721728419	0.00418713296717696	-0.243510084317013
0.0695383293671997	-6.55157168479159	0.0108048581581946	0.00684532777788015	-0.00395953038031443
0.167952021589926	5.74002398490529	0.27542570407309	0.0443041443858253	-0.231121559687264
0.177203867932131	-0.61810716816285	0.0684062064075424	5.85897655527037e-05	-0.0683476166419897
0.284343574728804	15.5713764196967	0.307332893724278	0.108596613808434	-0.198736279915844
0.0997630006699381	7.3628919677508	0.173958778188008	0.0590559461044045	-0.114902832083603
0.448806504702208	39.0361028960128	0.112613959438182	0.0953642552440871	-0.0172497041940951
0.200560304435114	16.2504520353747	0.208301946091325	0.049830820653115	-0.15847112543821
0.277388647588602	19.2577881274956	0.274366212899549	0.116985645288369	-0.15738056761118
0.215145180789631	26.7738600451273	0.138575436126546	0.165934701499976	0.0273592653734309
0.328280497059318	18.3622581233926	0.392824859980711	0.113131593925302	-0.279693266055409
0.573496963700285	10.2504275193102	0.437339848344692	0.102743683556305	-0.334596164788387
0.174266410191397	13.9529844435374	0.523758990196217	0.279045347678644	-0.244713642517573
0.26414680362819	16.3869037498095	0.248261712081124	0.0999163251194555	-0.148345386961668
0.258458481890797	19.1040764807872	0.158920308264421	0.219241563766876	0.0603212555024547
