Univariate_LR_coefficients_null_raster	Univariate_LR_coefficients_gcrop_R	Univariate_LR_R2_null_raster	Univariate_LR_R2_gcrop_R	Univariate_LR_delta_R2_gcrop_R
0.509348634063282	0.452171065656859	0.501592752472326	0.469122522185044	-0.0324702302872825
0.161277939848129	0.122763063016107	0.128795083744666	0.108170623325138	-0.020624460419528
0.315069315823578	0.248313871770478	0.171460156214606	0.146355732920448	-0.0251044232941584
0.181228010384823	0.150974000829072	0.194462916269028	0.178289956174348	-0.0161729600946807
0.0807262044704342	0.0534261545165887	0.0155085973033488	0.00989188898474898	-0.00561670831859982
0.264527871520785	0.204751969333781	0.335467567228521	0.254036842572443	-0.0814307246560784
0.351783052979205	0.289509456904531	0.392980579391446	0.343772456495797	-0.0492081228956482
0.266439706225198	0.232622431787384	0.307177978213235	0.285299485678273	-0.0218784925349628
0.200535996575834	0.149593925801176	0.129583487887477	0.105561383835947	-0.0240221040515298
0.285993986073786	0.249613142335282	0.414382956180605	0.39806810784183	-0.0163148483387753
0.389843653990515	0.314520706488299	0.233513714640596	0.182670870437261	-0.0508428442033347
0.28978942822516	0.241844318747216	0.0860889049763043	0.0765482993671984	-0.00954060560910586
0.203299055438912	0.153254140853667	0.160772201373582	0.129756018212117	-0.0310161831614643
0.246282500717424	0.180523096218836	0.213465450274872	0.1748176400343	-0.0386478102405722
0.228643762567207	0.162371658338827	0.156573133785999	0.127319997705894	-0.0292531360801058
0.0951818943085608	0.0563433007016894	0.0173173966451589	0.00917313121246432	-0.00814426543269462
0.325869211709431	0.263202599049844	0.477480433085215	0.445555295314782	-0.0319251377704333
0.329931354673836	0.277234509478164	0.263121542323268	0.244102638365967	-0.0190189039573015
0.357355679266791	0.309607900665135	0.72968425213064	0.669785457743109	-0.0598987943875308
0.0595397877392208	0.0481615935579811	0.0182528021468278	0.016322090095357	-0.00193071205147084
0.258026002031862	0.206124423880283	0.144083455553165	0.124976700278381	-0.0191067552747838
0.287675192226792	0.239094466133112	0.570973876532829	0.514291469711066	-0.0566824068217631
0.458449070804559	0.394262719812834	0.548233437375058	0.500926882802033	-0.0473065545730254
0.216714014042273	0.165153395411634	0.159776713300561	0.121482724102346	-0.0382939891982142
0.543467409014854	0.467115018695037	0.353862621749971	0.325373320339625	-0.0284893014103459
0.532350643706609	0.438976112326257	0.474401068708889	0.415880934113873	-0.0585201345950155
0.0956356568589826	0.0645221836335131	0.0352525975724388	0.0228173276813792	-0.0124352698910596
0.410587611235948	0.325635490273796	0.460330754989065	0.419151826146962	-0.0411789288421034
0.45643201535401	0.393519153717582	0.347806990861149	0.345552412530008	-0.00225457833114107
0.2267030072019	0.18069375224125	0.152422384347048	0.136983065406527	-0.0154393189405211
0.272262424192691	0.204961554140565	0.179146411499781	0.151244266204443	-0.0279021452953384
0.169519492866542	0.135741530324705	0.0629110608516909	0.0529334145187126	-0.0099776463329783
0.205512425829247	0.131961334480209	0.0271402170780602	0.0162738490845633	-0.0108663679934969
0.411730807170089	0.349992769942332	0.573260957959234	0.525826755670947	-0.0474342022882869
0.742662107165122	0.61030006903748	0.632117567918354	0.617638266856581	-0.014479301061773
0.253939159458204	0.19612091433747	0.0630191665679134	0.0490538373334208	-0.0139653292344925
0.205016294734511	0.166408717953145	0.112754797957632	0.0991100288054153	-0.0136447691522165
0.288165709335759	0.217089368852403	0.179372333072955	0.140111121503902	-0.0392612115690524
0.318677493092491	0.291006621601539	0.345777667103719	0.353668780714358	0.0078911136106386
0.337823212762906	0.274867427099985	0.194656666488565	0.1708615860511	-0.0237950804374641
0.512546259455603	0.372521768014549	0.236034445797476	0.177864044837399	-0.058170400960077
0.465287785152358	0.361981732462876	0.474044921078902	0.384119102782384	-0.0899258182965182
0.179382993457596	0.11262414014106	0.0586173811693954	0.0337481064369433	-0.0248692747324521
0.527047809155911	0.417739356429147	0.366630750289874	0.305510953986279	-0.0611197963035948
0.257420569318673	0.205216916145087	0.297651367200353	0.272594237679683	-0.0250571295206693
0.288293723783326	0.21642544356864	0.0828206745148953	0.061868710483398	-0.0209519640314973
0.28465415537388	0.226921139837237	0.11248343066316	0.098999639155975	-0.0134837915071845
0.125700427714017	0.0874816079719125	0.065873302570368	0.0424864420449494	-0.0233868605254185
0.292531297135728	0.25320183210624	0.389610179216604	0.38145906976338	-0.00815110945322356
0.459422156617499	0.339570743382245	0.43399152296117	0.332375420185224	-0.101616102775946
0.250925461615483	0.188403109684356	0.274639844389712	0.228095322103301	-0.0465445222864117
0.218539362889769	0.167365040803275	0.11329977928515	0.100105072810531	-0.0131947064746193
0.379183007871704	0.326541234790705	0.45503270320628	0.415729316383328	-0.0393033868229526
0.312295425742977	0.265382408002352	0.278578059648626	0.257934500068046	-0.02064355958058
0.187279851952955	0.143938781605076	0.248456006330683	0.220005129194217	-0.0284508771364658
0.386742593527444	0.309731895288407	0.559847042504585	0.477500045051755	-0.0823469974528304
0.0816354334142884	0.054986062510298	0.0372522299117817	0.0242196385632496	-0.0130325913485321
0.205162809255206	0.175924373797094	0.127003939374187	0.127705569096039	0.000701629721852226
0.534877697540481	0.48293974276274	0.475234948018741	0.444889630207459	-0.0303453178112814
0.524443344329959	0.431495100884134	0.315890628503158	0.31502180154184	-0.000868826961318125
0.182624165442694	0.160038757871649	0.293236689272095	0.270581593610123	-0.0226550956619726
0.46536389790376	0.40262643347115	0.704730259953136	0.62293874825752	-0.0817915116956164
0.21080898835795	0.164661947532478	0.117591289382853	0.0981438513288875	-0.0194474380539651
0.351155648161095	0.265383388641349	0.286401072327671	0.246062723535277	-0.0403383487923936
0.327571675694138	0.273252683658091	0.533307636713373	0.5055362131833	-0.0277714235300722
0.233200568765292	0.174993805739504	0.133963699615823	0.104694124921805	-0.0292695746940176
0.482422767048615	0.396098160786966	0.534947914747182	0.504955407596745	-0.0299925071504362
0.116453351562414	0.0750981596729438	0.0207045032528459	0.0123183344348865	-0.00838616881795944
0.315935447005173	0.231746589912653	0.169484117342249	0.136036044059357	-0.0334480732828916
0.512148254079097	0.406220895529634	0.117654359147752	0.0929221524669113	-0.0247322066808403
0.38496430993838	0.308396229948219	0.158953400262828	0.150709434544416	-0.00824396571841271
0.0745262257121674	0.0491104731664258	0.0336399952140643	0.0203985496642063	-0.013241445549858
0.208847155635344	0.163055795013067	0.450123714677371	0.409845419959933	-0.0402782947174381
0.091711883034598	0.0684242177249636	0.0182531492605099	0.0143159607488174	-0.00393718851169255
0.266412811878833	0.206157206601311	0.148019450137879	0.124859131935185	-0.0231603182026944
0.150080250375363	0.112016196189881	0.0932652839737941	0.0769826782050058	-0.0162826057687883
0.797757940743428	0.625846635669933	0.585990322100777	0.498879840676482	-0.0871104814242954
0.179726118098721	0.143664110573515	0.162659229382207	0.130042583811072	-0.0326166455711353
0.139250232655665	0.104782838860356	0.129568073407926	0.110430532374099	-0.019137541033827
0.349366857097869	0.267221624447828	0.43853509312949	0.337444191922431	-0.10109090120706
0.548151276506386	0.460052385100088	0.308077163963569	0.28029260101877	-0.0277845629447989
0.205476477101373	0.158293963422588	0.0815720134127531	0.0651444740131892	-0.0164275393995639
0.284496549234635	0.212872479075694	0.144164848573463	0.112723868801252	-0.0314409797722113
0.444600130039371	0.353372914905456	0.105055517649688	0.0922878619854608	-0.0127676556642271
0.297562065011571	0.233939163377853	0.270657402677992	0.243325790448772	-0.0273316122292196
0.185649911898132	0.153934385680507	0.227488978116421	0.223248195434125	-0.00424078268229577
0.0695383293671997	0.0469524589347666	0.0108048581581946	0.00763837498207955	-0.00316648317611502
0.272103874215064	0.208899682006847	0.245951519491312	0.201506893573963	-0.0444446259173487
0.179020812311324	0.12567831557845	0.0687441199386095	0.0497191771936399	-0.0190249427449696
0.292483304093323	0.241528568596289	0.310364118465681	0.265559933255996	-0.0448041852096853
0.0723397597188497	0.0500607935245126	0.023930926219807	0.015876446322899	-0.00805447989690802
0.452441005660505	0.358143226256058	0.11312837263029	0.0941936047212593	-0.0189347679090309
0.200560304435114	0.187764328559148	0.208301946091325	0.22439241767624	0.0160904715849156
0.256869819384707	0.200925935676924	0.11461938815483	0.0899965501516076	-0.024622838003222
0.207897321498185	0.153785986101083	0.13102481403694	0.104066425048531	-0.0269583889884092
0.33624397018646	0.273391061175716	0.401306824480411	0.360284308672652	-0.041022515807759
0.589060614184412	0.485974066370335	0.448338841216864	0.393858152437401	-0.0544806887794632
0.146729605269791	0.10326268346879	0.0438009509916143	0.0293913186850405	-0.0144096323065738
0.291677921082665	0.211662287781492	0.217103056643822	0.164717903996882	-0.0523851526469399
0.257026795131185	0.189064438891998	0.155204793592837	0.120535516741239	-0.0346692768515973
