Univariate_LR_coefficients_null_raster	Univariate_LR_coefficients_unifre_R	Univariate_LR_R2_null_raster	Univariate_LR_R2_unifre_R	Univariate_LR_delta_R2_unifre_R
0.153114843726799	0.00049055097074134	0.389870346337842	0.26258903612561	-0.127281310212232
0.143617631065956	0.000385884379685871	0.438960182216279	0.236942710033845	-0.202017472182435
0.154621222637788	0.000558979032433436	0.341180688708295	0.288082941761977	-0.0530977469463177
0.146258504965598	0.000413305078982605	0.392737477714014	0.225159754293245	-0.167577723420769
0.139146153668756	0.000477729771984727	0.377380522178182	0.292158437741588	-0.0852220844365946
0.150242014794558	0.000451678954099431	0.364161256954555	0.24005890798704	-0.124102348967515
0.157517074881378	0.000497984652551585	0.30402065550171	0.217218732476545	-0.0868019230251655
0.124798813622991	0.000417562906838539	0.445205508554429	0.301427101646502	-0.143778406907927
0.183206581412024	0.000633121604674284	0.394931875432379	0.316044649508858	-0.0788872259235213
0.148517381795697	0.000568648179105974	0.492809081555335	0.449990961540345	-0.0428181200149905
0.123797900315112	0.000438105309884086	0.304514126587208	0.215896426738508	-0.0886176998487004
0.183045697807776	0.000581852251979045	0.438715780024095	0.326838747511461	-0.111877032512634
0.166465655364739	0.000531581290674935	0.371290168229881	0.275246570523086	-0.0960435977067957
0.140691122793107	0.000429148449965282	0.419195385172789	0.294828917415442	-0.124366467757347
0.14030225698028	0.00042906536185847	0.453104213682738	0.260731950256226	-0.192372263426512
0.133550501559089	0.000488461767620003	0.377969799239495	0.281126339561323	-0.096843459678172
0.134079562404932	0.000439055853613	0.395575686997673	0.262434286158759	-0.133141400838914
0.128727305330519	0.00040124760512491	0.489278473522471	0.301779435259822	-0.187499038262648
0.128859772582984	0.000554760408247104	0.369999165177513	0.352580059128737	-0.0174191060487752
0.115159848536009	0.000330812995909425	0.323346707272736	0.205253157393187	-0.11809354987955
0.148285529172676	0.000481892251017684	0.449606384973535	0.360869453394648	-0.0887369315788866
0.134766141033983	0.000456261249639049	0.473565885114142	0.339483796891517	-0.134082088222625
0.145744833273887	0.000466434891263931	0.345248705064538	0.269628935094033	-0.0756197699705052
0.0872667177628544	0.000295153854350225	0.271224234475484	0.187690785740404	-0.0835334487350796
0.12394739352845	0.000332808129728001	0.385789753483974	0.232997375539115	-0.152792377944859
0.117397164591274	0.00042246086194851	0.416260270322267	0.304361973958801	-0.111898296363466
0.166400156086377	0.00059739160484184	0.488561950137841	0.384823362980849	-0.103738587156992
0.1324215504836	0.000412506412927471	0.322404461524109	0.24738590021224	-0.0750185613118696
0.171834103867216	0.000620045241952054	0.431235790112697	0.381950034613321	-0.0492857554993754
0.128500579494092	0.000362599579816319	0.303652234949019	0.164754786627235	-0.138897448321784
0.112341571274214	0.000363954067042789	0.269988438538859	0.192442213751817	-0.0775462247870418
0.144520990183674	0.000472284949155542	0.412587261290023	0.313254165651681	-0.0993330956383426
0.150719803806962	0.000442375062763625	0.455186468221545	0.259251109975953	-0.195935358245592
0.131017971997163	0.000415966334684675	0.408908836063364	0.31981876746004	-0.0890900686033239
0.128385059816604	0.000486772197088956	0.439066098424956	0.376929072510732	-0.0621370259142243
0.136218939985819	0.000480161319042421	0.476182447913721	0.390765879401368	-0.0854165685123533
0.145869756021448	0.000562654885576929	0.593049533939823	0.462009311551128	-0.131040222388695
0.128393293317148	0.000403362471218068	0.400172957250761	0.276640328652946	-0.123532628597816
0.136005363349228	0.000450162074929362	0.427464003137494	0.341354128622575	-0.0861098745149192
0.102940438784764	0.000341585942837109	0.278084330428965	0.193949827615992	-0.0841345028129731
0.192838201752211	0.000529339252169896	0.354646417851115	0.232792667485097	-0.121853750366018
0.124130632022141	0.000445648186259016	0.330791932681614	0.24263534947378	-0.0881565832078339
0.108745291688001	0.000362823560657285	0.347489380740546	0.257378498885721	-0.0901108818548249
0.119676863031598	0.000382677982301429	0.350727907959231	0.25594343996137	-0.0947844679978618
0.101490921030255	0.000327597249994215	0.302656355462663	0.200292646499132	-0.102363708963531
0.107781912530562	0.000372581393706839	0.346254424295972	0.315566465529819	-0.0306879587661528
0.159405422188934	0.000507490261395465	0.393791646411556	0.281069729293216	-0.112721917118341
0.170935613512118	0.000579560928718012	0.374700463804888	0.322059450728589	-0.0526410130762993
0.115448862396009	0.000440802591093139	0.286207571351174	0.282664433184638	-0.00354313816653506
0.110834458459554	0.000358670753382612	0.352382126832287	0.258946474920702	-0.0934356519115849
0.166658622741108	0.000517422362728668	0.448769347795867	0.323741831124016	-0.125027516671851
0.133862216418389	0.000472649938838275	0.399290126899407	0.292472817607246	-0.106817309292161
0.171806165954539	0.00066174429335314	0.42990886907425	0.399077811445164	-0.0308310576290867
0.130742557815785	0.000439312885642272	0.357760608722194	0.266597894183335	-0.0911627145388589
0.172181494629647	0.000539568194947413	0.506968753279195	0.383677859830581	-0.123290893448614
0.140047437450932	0.00049167116549449	0.418466708438324	0.340076773578532	-0.0783899348597922
0.113331636865117	0.00041428644391811	0.448643646523167	0.318925924980967	-0.129717721542199
0.11912671164082	0.000462069935919092	0.417250365886677	0.348138961977754	-0.0691114039089228
0.0831263966846029	0.000311195589857718	0.248078359676965	0.244366100608084	-0.00371225906888159
0.121276330196593	0.00039879856477471	0.368240749685964	0.269489046789561	-0.0987517028964031
0.148289121939142	0.000508760040724256	0.448080755953434	0.325630392316536	-0.122450363636898
0.133494533329756	0.000381071421109028	0.392213832247767	0.25595201771075	-0.136261814537017
0.113735801462692	0.000426664586158433	0.339054265272399	0.290819865560009	-0.0482343997123899
0.187290153349899	0.000521103314254751	0.513151032775369	0.2973231958245	-0.215827836950869
0.16245639248085	0.000525442081172239	0.424323514670522	0.325617036710095	-0.0987064779604265
0.121934410639751	0.000450649123973887	0.464511265294061	0.407413674923943	-0.0570975903701177
0.150981752199734	0.00051621050781182	0.348032491917115	0.238223079450564	-0.109809412466551
0.141853735383348	0.000523618558351055	0.371831137874231	0.317991338064624	-0.0538397998096066
0.124760240178242	0.000392286668225832	0.345189854467143	0.253759894145209	-0.0914299603219341
0.131668669993509	0.000346022692090639	0.340366716772773	0.172948001071634	-0.167418715701139
0.126708248934053	0.00037680413289322	0.33154778834657	0.222829200882427	-0.108718587464143
0.120330174516941	0.000469593297301778	0.362808031641967	0.313075402341934	-0.0497326293000328
0.114381097397459	0.000376605765170016	0.358000954682878	0.228729640821084	-0.129271313861793
0.176019603600438	0.000585934812151629	0.482041376892643	0.368466601078267	-0.113574775814376
0.124673457047739	0.000409810773580451	0.351019533288332	0.234250873966724	-0.116768659321608
0.126473336197689	0.000427849444817372	0.400471781872381	0.295612434844198	-0.104859347028183
0.149626499911724	0.000473225211039435	0.44020062816136	0.270519086369825	-0.169681541791535
0.133053908893603	0.000439477457385624	0.542654328612969	0.319621450181332	-0.223032878431637
0.113578996117004	0.000367876330894519	0.341625309645386	0.221943071769264	-0.119682237876122
0.124077884036232	0.000395517215051771	0.402662131612742	0.290040801285649	-0.112621330327093
0.137025066237263	0.00044506996447428	0.395123297532701	0.297605589995537	-0.0975177075371637
0.132257305366	0.000445346419540071	0.341934152500067	0.244542814228225	-0.0973913382718422
0.11202593208568	0.0003761880199094	0.319213537200119	0.227683833684659	-0.0915297035154604
0.127424595034358	0.000432359194930005	0.411294737350815	0.309890389650944	-0.101404347699871
0.13714369927766	0.000486066370905828	0.436272924199282	0.339524706358657	-0.0967482178406249
0.133621309255663	0.000456637055516748	0.413613976584028	0.308851177931258	-0.10476279865277
0.138135286303983	0.000474200784539262	0.451939269620451	0.383753752649858	-0.068185516970593
0.15794582475491	0.000539017666522381	0.508234155967781	0.377771042203989	-0.130463113763792
0.162160390831844	0.000477618816986537	0.544987831654534	0.343475548192316	-0.201512283462218
0.117666011173412	0.000386167646616561	0.42516906810857	0.285663771165527	-0.139505296943043
0.125048382621581	0.000398694204423555	0.35237880607997	0.252694956266655	-0.0996838498133158
0.115217146170357	0.000337389496294235	0.450807845905507	0.253231701189777	-0.19757614471573
0.138639599795635	0.000438351628259638	0.398294241397518	0.2228148376677	-0.175479403729818
0.128224411230825	0.000471126532516376	0.453788091737297	0.319499629827416	-0.134288461909881
0.135931598197975	0.000463350200769137	0.354980183376018	0.294569823788979	-0.0604103595870387
0.122370775704039	0.000434699060823133	0.406622378557364	0.304838641105666	-0.101783737451698
0.146993443770855	0.000573657968609165	0.328044110477332	0.280875574098085	-0.0471685363792466
0.139618927193419	0.00051327134669754	0.380093119231356	0.335097022317469	-0.0449960969138868
0.139990581608477	0.000479052202468203	0.435837468902138	0.31355030938683	-0.122287159515308
0.142483774341667	0.000439220974616792	0.435490150024292	0.29309696918378	-0.142393180840512
