Univariate_LR_coefficients_null_raster	Univariate_LR_coefficients_lake_river_reservoir_C	Univariate_LR_R2_null_raster	Univariate_LR_R2_lake_river_reservoir_C	Univariate_LR_delta_R2_lake_river_reservoir_C
0.509348634063282	0.533939177068442	0.501592752472326	0.52172779575752	0.0201350432851934
0.161277939848129	0.170646000806687	0.128795083744666	0.132522758643227	0.00372767489856105
0.315069315823578	0.329187575596234	0.171460156214606	0.174419950024634	0.00295979381002814
0.181228010384823	0.190490294174409	0.194462916269028	0.19244431485819	-0.00201860141083826
0.0807262044704342	0.0889793842960655	0.0155085973033488	0.0175162833211039	0.0020076860177551
0.264527871520785	0.265127770942676	0.335467567228521	0.322152621369688	-0.013314945858833
0.351783052979205	0.367432051456889	0.392980579391446	0.389769966812661	-0.00321061257878513
0.266439706225198	0.285962155692134	0.307177978213235	0.320420183327139	0.013242205113904
0.200535996575834	0.20961136225592	0.129583487887477	0.131960921578856	0.00237743369137922
0.285993986073786	0.305235931376072	0.414382956180605	0.42776295731309	0.0133800011324847
0.389843653990515	0.405362443860072	0.233513714640596	0.232795645065881	-0.000718069574714403
0.28978942822516	0.311417509419928	0.0860889049763043	0.090852148443396	0.00476324346709177
0.203299055438912	0.18861776865979	0.160772201373582	0.129757375439813	-0.0310148259337689
0.246282500717424	0.241766427131106	0.213465450274872	0.188242048987389	-0.0252234012874828
0.228643762567207	0.229860624301431	0.156573133785999	0.152446487288307	-0.0041266464976927
0.0951818943085608	0.098878068455895	0.0173173966451589	0.018052739801856	0.000735343156697019
0.325869211709431	0.342112621677364	0.477480433085215	0.477690771654602	0.000210338569387236
0.329931354673836	0.338839401589086	0.263121542323268	0.2673787082017	0.00425716587843183
0.357355679266791	0.3662194724855	0.72968425213064	0.722819633885798	-0.0068646182448413
0.0595397877392208	0.0663329311795503	0.0182528021468278	0.0208733074819949	0.00262050533516712
0.258026002031862	0.266260777022931	0.144083455553165	0.145650028351509	0.00156657279834443
0.287675192226792	0.290313323743423	0.570973876532829	0.567543240548969	-0.0034306359838604
0.458449070804559	0.480103637866927	0.548233437375058	0.538814780932891	-0.00941865644216766
0.216714014042273	0.240048523022626	0.159776713300561	0.168725446317779	0.00894873301721816
0.543467409014854	0.566882671972092	0.353862621749971	0.35777710039391	0.00391447864393857
0.532350643706609	0.541866860518969	0.474401068708889	0.448653574828298	-0.0257474938805901
0.0956356568589826	0.0984600026503151	0.0352525975724388	0.0330001389378141	-0.00225245863462468
0.410587611235948	0.415529478252268	0.460330754989065	0.45120969289441	-0.00912106209465557
0.45643201535401	0.474823078234124	0.347806990861149	0.35058448974133	0.00277749888018092
0.2267030072019	0.242015496387414	0.152422384347048	0.15785492565429	0.00543254130724241
0.272262424192691	0.269803757608194	0.179146411499781	0.166112660494853	-0.0130337510049279
0.169519492866542	0.186521848149961	0.0629110608516909	0.068541090109096	0.00563002925740513
0.205512425829247	0.206625968761396	0.0271402170780602	0.0265804391797627	-0.000559777898297444
0.411730807170089	0.427868273950902	0.573260957959234	0.559661475480849	-0.0135994824783852
0.742662107165122	0.756425013696072	0.632117567918354	0.636044995836962	0.00392742791860801
0.253939159458204	0.262867390446887	0.0630191665679134	0.0615736385680127	-0.00144552799990066
0.205016294734511	0.223800916849167	0.112754797957632	0.118791547030799	0.00603674907316666
0.288165709335759	0.300120562901529	0.179372333072955	0.180004532631032	0.000632199558076862
0.318677493092491	0.339378744099391	0.345777667103719	0.356118110749104	0.0103404436453847
0.337823212762906	0.346038755859567	0.194656666488565	0.178523290452984	-0.0161333760355803
0.512546259455603	0.533269926221787	0.236034445797476	0.238898243213671	0.00286379741619469
0.465287785152358	0.479047466894057	0.474044921078902	0.45923521416962	-0.0148097069092823
0.179382993457596	0.176405779595618	0.0586173811693954	0.0550333832178046	-0.00358399795159076
0.527047809155911	0.544644123364581	0.366630750289874	0.36317979865732	-0.00345095163255404
0.257420569318673	0.260969963819057	0.297651367200353	0.292737557565175	-0.00491380963517735
0.288293723783326	0.296726969073682	0.0828206745148953	0.0793517804323577	-0.00346889408253759
0.28465415537388	0.312145104581875	0.11248343066316	0.121679439710795	0.00919600904763516
0.125700427714017	0.131900492184349	0.065873302570368	0.0655640600303751	-0.000309242539992899
0.292531297135728	0.299700662813222	0.389610179216604	0.380062592526458	-0.00954758669014605
0.459422156617499	0.456890928561088	0.43399152296117	0.416514326588755	-0.017477196372415
0.250925461615483	0.261860427378198	0.274639844389712	0.289013670753147	0.014373826363435
0.218539362889769	0.219679774657236	0.11329977928515	0.110038824993149	-0.00326095429200182
0.379183007871704	0.405828543893939	0.45503270320628	0.465609352300016	0.010576649093736
0.312295425742977	0.335204370625184	0.278578059648626	0.287294376080612	0.00871631643198589
0.187279851952955	0.193801164012978	0.248456006330683	0.238963294190437	-0.00949271214024641
0.386742593527444	0.406188657636761	0.559847042504585	0.539792397964151	-0.0200546445404339
0.0816354334142884	0.0807011292173528	0.0372522299117817	0.0333482423448148	-0.00390398756696695
0.205162809255206	0.220641015952226	0.127003939374187	0.131689398863728	0.0046854594895413
0.534877697540481	0.560040587123049	0.475234948018741	0.48606158837276	0.0108266403540198
0.524443344329959	0.533946130643522	0.315890628503158	0.305491157443457	-0.0103994710597014
0.182624165442694	0.187452912812943	0.293236689272095	0.288067519309747	-0.00516916996234801
0.46536389790376	0.489575429026109	0.704730259953136	0.701871796463832	-0.00285846348930363
0.21080898835795	0.230881070987125	0.117591289382853	0.123093499638483	0.00550221025563008
0.351155648161095	0.363001717434682	0.286401072327671	0.285699814363648	-0.000701257964022539
0.327571675694138	0.331457290084795	0.533307636713373	0.518346142965792	-0.0149614937475802
0.233200568765292	0.242958932363978	0.133963699615823	0.14015616976145	0.00619247014562718
0.482422767048615	0.509126017259606	0.534947914747182	0.534920153088982	-2.7761658199732e-05
0.116453351562414	0.121996864180958	0.0207045032528459	0.0221900971412613	0.0014855938884154
0.315935447005173	0.32869604021893	0.169484117342249	0.164950185573309	-0.0045339317689404
0.512148254079097	0.536870829764945	0.117654359147752	0.115872657607447	-0.00178170154030437
0.38496430993838	0.403653990875048	0.158953400262828	0.164006380879935	0.00505298061710679
0.0745262257121674	0.0793010971785049	0.0336399952140643	0.0347046796270476	0.00106468441298335
0.208847155635344	0.211982164726385	0.450123714677371	0.439820088476973	-0.010303626200398
0.091711883034598	0.0979507341741318	0.0182531492605099	0.0197343067973397	0.00148115753682977
0.266412811878833	0.287255669200201	0.148019450137879	0.15011348775968	0.00209403762180083
0.150080250375363	0.15530850557779	0.0932652839737941	0.0957706700831001	0.00250538610930598
0.797757940743428	0.807310269870722	0.585990322100777	0.580413400329289	-0.00557692177148805
0.179726118098721	0.197696791013619	0.162659229382207	0.167265147882169	0.0046059184999622
0.139250232655665	0.141369191111448	0.129568073407926	0.130260281758924	0.00069220835099873
0.349366857097869	0.352469659813963	0.43853509312949	0.426393976801118	-0.0121411163283726
0.548151276506386	0.600661656900864	0.308077163963569	0.31684041923426	0.00876325527069077
0.205476477101373	0.212394171482591	0.0815720134127531	0.0818976784624703	0.000325665049717191
0.284496549234635	0.299298113711483	0.144164848573463	0.143478252209832	-0.000686596363630609
0.444600130039371	0.45289887252371	0.105055517649688	0.0990136131240902	-0.00604190452559768
0.297562065011571	0.305674972130598	0.270657402677992	0.272445798732443	0.0017883960544513
0.185649911898132	0.190222019215253	0.227488978116421	0.227672985188553	0.000184007072132009
0.0695383293671997	0.0706509318312475	0.0108048581581946	0.0106632765449897	-0.00014158161320486
0.272103874215064	0.28255271202024	0.245951519491312	0.253004624703207	0.00705310521189556
0.179020812311324	0.188076572860506	0.0687441199386095	0.0704094591613152	0.00166533922270572
0.292483304093323	0.297489070781948	0.310364118465681	0.305334721102709	-0.00502939736297237
0.0723397597188497	0.0800065907164123	0.023930926219807	0.0264546152955903	0.00252368907578324
0.452441005660505	0.451878984520746	0.11312837263029	0.103624110341672	-0.00950426228861777
0.200560304435114	0.213429313959447	0.208301946091325	0.210909789878087	0.00260784378676246
0.256869819384707	0.27197615633675	0.11461938815483	0.117473059428859	0.00285367127402993
0.207897321498185	0.215558020434425	0.13102481403694	0.134184597917476	0.00315978388053631
0.33624397018646	0.345186870388175	0.401306824480411	0.408088788099252	0.0067819636188412
0.589060614184412	0.598148111278682	0.448338841216864	0.444862076246919	-0.00347676496994515
0.146729605269791	0.161613677920369	0.0438009509916143	0.045027455326021	0.00122650433440667
0.291677921082665	0.303794262878899	0.217103056643822	0.222185144663638	0.00508208801981619
0.257026795131185	0.255436714697019	0.155204793592837	0.131480879756908	-0.0237239138359284
