time	distance_tree45000	distance_tree90000	distance_tree135000	distance_tree180000	distance_tree225000	distance_tree270000	distance_tree315000	distance_tree360000	distance_tree405000	distance_tree450000	distance_tree495000	distance_tree540000	distance_tree585000	distance_tree630000	distance_tree675000	distance_tree720000	distance_tree765000	distance_tree810000	distance_tree855000	distance_tree900000	distance_tree945000	distance_tree990000	distance_tree1035000	distance_tree1080000	distance_tree1125000	distance_tree1170000	distance_tree1215000	distance_tree1260000	distance_tree1305000	distance_tree1350000	distance_tree1395000	distance_tree1440000	distance_tree1485000	distance_tree1530000	distance_tree1575000	distance_tree1620000	distance_tree1665000	distance_tree1710000	distance_tree1755000	distance_tree1800000	distance_tree1845000	distance_tree1890000	distance_tree1935000	distance_tree1980000	distance_tree2025000	distance_tree2070000	distance_tree2115000	distance_tree2160000	distance_tree2205000	distance_tree2250000	distance_tree2295000	distance_tree2340000	distance_tree2385000	distance_tree2430000	distance_tree2475000	distance_tree2520000	distance_tree2565000	distance_tree2610000	distance_tree2655000	distance_tree2700000	distance_tree2745000	distance_tree2790000	distance_tree2835000	distance_tree2880000	distance_tree2925000	distance_tree2970000	distance_tree3015000	distance_tree3060000	distance_tree3105000	distance_tree3150000	distance_tree3195000	distance_tree3240000	distance_tree3285000	distance_tree3330000	distance_tree3375000	distance_tree3420000	distance_tree3465000	distance_tree3510000	distance_tree3555000	distance_tree3600000	distance_tree3645000	distance_tree3690000	distance_tree3735000	distance_tree3780000	distance_tree3825000	distance_tree3870000	distance_tree3915000	distance_tree3960000	distance_tree4005000	distance_tree4050000	distance_tree4095000	distance_tree4140000	distance_tree4185000	distance_tree4230000	distance_tree4275000	distance_tree4320000	distance_tree4365000	distance_tree4410000	distance_tree4455000	distance_tree4500000
1940.74598219329	0	0	0	0	0	0	0	0	0	0	0	0	0	0	0	0	0	0	0	0	0	0	0	0	0	0	0	0	0	0	0	0	0	0	0	0	0	0	0	0	0	0	0	0	0	0	0	0	0	0	0	0	0	0	0	0	0	0	0	0	0	0	0	0	0	0	0	0	0	0	0	0	0	0	0	0	0	0	0	0	0	0	0	0	0	0	0	0	0	0	0	0	0	0	0	0	0	0	0	0
1941.57696072752	0	0	0	0	0	0	0	0	0	0	0	0	0	0	0	0	0	0	0	0	0	0	0	0	0	0	0	0	0	0	0	0	0	0	0	0	0	0	0	0	0	0	0	0	0	0	0	0	0	0	0	0	0	0	0	0	0	0	0	0	0	0	0	0	0	0	0	0	0	16.0311596406244	0	0	0	0	0	0	0	0	0	0	0	0	0	0	0	0	0	0	0	0	0	0	0	0	0	0	0	0	0	0
1942.40793926175	0	0	0	0	0	0	0	0	0	0	0	0	0	0	0	0	0	0	0	0	0	0	0	0	0	0	0	0	0	0	0	0	0	0	0	0	0	0	0	0	0	0	0	0	0	0	0	0	0	0	0	0	0	0	0	0	0	0	0	0	0	0	0	0	0	0	0	0	0	32.0760644785134	0	0	0	0	0	0	0	0	0	0	0	0	0	0	0	0	0	0	0	0	0	0	0	0	0	0	0	0	0	0
1943.23891779598	0	0	0	0	0	0	0	0	0	0	0	0	0	0	0	0	0	0	0	0	0	0	0	0	0	0	0	0	0	0	0	0	0	0	0	0	0	0	0	0	0	0	0	0	0	0	0	0	0	0	0	0	0	0	0	0	0	0	0	0	0	0	0	0	0	0	0	0	0	48.1346754553205	0	0	0	0	0	0	0	0	0	0	0	0	0	0	0	0	0	0	0	0	0	0	0	0	0	0	0	0	0	0
1944.06989633022	0	0	0	0	0	0	0	0	0	0	0	0	0	0	0	0	0	0	0	0	0	0	0	0	0	0	0	0	0	0	0	0	0	0	0	0	0	0	0	0	0	0	0	0	0	0	0	0	0	0	0	0	0	0	0	0	0	0	0	0	0	0	0	0	0	0	0	0	0	64.2069535756357	0	0	0	0	0	0	0	0	0	0	0	0	0	0	0	0	0	0	0	0	0	0	0	0	0	0	0	0	0	0
1944.90087486445	0	0	0	0	0	0	0	0	0	0	0	0	0	0	0	0	0	0	0	0	0	0	0	0	0	0	0	0	0	0	0	0	0	0	0	0	0	0	0	0	0	0	0	0	0	0	0	0	0	0	0	0	0	0	0	0	0	0	0	0	0	0	0	0	0	0	0	0	0	80.2928599088021	0	0	0	0	0	0	0	0	0	0	0	0	0	0	0	0	0	0	0	0	0	0	0	0	0	0	0	0	0	0
1945.73185339868	0	0	0	0	0	0	0	0	0	0	0	0	0	0	0	0	0	0	0	0	0	0	0	0	0	0	0	0	0	0	0	0	0	0	0	0	0	0	0	0	0	0	0	0	0	0	0	0	0	0	0	0	0	0	0	0	0	0	0	0	0	0	0	0	0	0	0	0	0	96.392355588563	0	0	0	0	0	0	0	0	0	0	0	0	0	0	0	0	0	0	0	0	0	0	0	0	0	0	0	0	0	0
1946.56283193291	0	0	0	0	0	0	0	0	0	0	0	0	0	0	0	0	0	0	0	0	0	0	0	0	0	0	0	0	0	0	0	0	0	0	0	0	0	0	0	0	0	0	0	0	0	0	0	0	0	0	0	0	0	0	0	0	0	0	0	0	0	0	0	0	0	0	0	0	0	112.505401813068	0	0	0	0	0	0	0	0	0	0	0	0	0	0	0	0	0	0	0	0	0	0	0	0	0	0	0	0	0	0
1947.39381046714	0	0	0	0	0	0	0	0	0	0	0	0	0	0	0	0	0	0	0	0	0	0	0	0	0	0	0	0	0	0	0	0	0	0	0	0	0	0	0	0	0	0	0	0	0	0	0	0	0	0	0	0	0	0	0	0	0	0	0	0	0	0	0	0	0	0	0	0	0	128.631959844568	0	0	0	0	0	0	0	0	0	0	0	0	0	0	0	0	0	0	0	0	0	0	0	0	0	0	0	0	0	0
1948.22478900137	0	0	0	0	0	0	0	0	0	0	0	0	0	0	0	0	0	0	0	0	0	0	0	0	0	0	0	0	0	0	0	0	0	0	0	0	0	0	0	0	0	0	0	0	0	0	0	0	0	0	0	0	0	0	0	0	0	0	0	0	0	0	0	0	0	0	0	0	0	144.771991009786	0	0	0	0	0	0	0	0	0	0	0	0	0	0	0	0	0	0	0	0	0	0	0	0	0	0	0	0	0	0
1949.05576753561	0	0	0	0	0	0	0	0	0	0	0	0	0	0	0	0	0	0	0	0	0	0	0	0	0	0	0	0	0	0	0	0	0	0	0	0	0	0	0	0	0	0	0	0	0	0	0	0	0	0	0	0	0	0	0	0	0	0	0	0	0	0	0	0	0	0	0	0	0	160.925456699541	0	0	0	0	0	0	0	0	0	0	0	0	0	0	0	0	0	0	0	0	0	0	0	0	0	0	0	0	0	0
1949.88674606984	0	0	0	0	0	0	0	0	0	0	0	0	0	0	0	0	0	0	0	0	0	0	0	0	0	0	0	0	0	0	0	0	0	0	0	0	0	0	0	0	0	0	0	0	0	0	0	0	0	0	0	0	0	0	0	0	0	0	0	0	0	0	0	0	0	0	0	0	0	177.092318368848	0	0	0	0	0	0	0	0	0	0	0	0	0	0	0	0	0	0	0	0	0	0	0	0	0	0	0	0	0	0
1950.71772460407	0	0	0	0	0	0	0	0	0	0	0	0	0	0	0	0	0	0	0	0	0	0	0	0	0	0	0	0	0	0	0	0	0	0	0	0	0	0	0	0	0	0	0	0	0	0	0	0	0	0	0	0	0	0	0	0	0	0	0	0	0	0	0	0	0	0	0	0	0	193.27253753683	0	0	0	0	0	0	0	0	0	0	0	0	0	3.29200175948429	0	0	0	0	0	0	0	0	0	0	0	0	0	0	0	0
1951.5487031383	0	0	0	0	0	0	0	0	0	0	0	0	0	0	0	0	0	0	0	0	0	0	0	0	0	0	0	0	0	0	0	0	0	0	0	0	0	0	0	0	0	0	0	0	0	0	0	0	0	0	0	0	0	0	0	0	0	0	0	0	0	0	0	0	0	0	0	0	0	209.466075786714	0	0	0	0	0	0	0	0	0	0	0	0	0	9.07634748399498	0	0	0	0	0	0	0	0	0	0	0	0	0	0	0	0
1952.37968167253	0	0	0	0	0	0	0	0	0	0	0	0	0	0	0	0	0	0	0	0	0	0	0	0	0	0	0	0	0	0	0	0	0	0	0	0	0	0	0	0	0	0	0	0	0	0	0	0	0	0	0	0	0	0	0	0	0	0	0	0	0	0	0	0	0	0	0	0	0	225.672894765712	0	0	0	0	0	0	0	0	0	0	0	0	0	14.8618556538423	0	0	0	0	0	0	0	0	0	0	0	0	0	0	0	0
1953.21066020676	0	0	0	0	0	0	0	0	0	0	0	0	0	0	0	0	0	0	0	0	0	0	0	0	0	0	0	0	0	0	0	0	0	0	0	0	0	0	0	0	0	0	0	0	0	0	0	0	0	0	0	0	0	0	0	0	0	0	0	0	0	0	0	0	0	0	0	0	0	241.892956185101	0	0	0	0	0	0	0	0	0	0	0	0	0	20.6485251391323	0	0	0	0	0	0	0	0	0	0	0	0	0	0	0	0
1954.04163874099	0	0	0	0	0	0	0	0	0	0	0	0	0	0	0	0	0	0	0	0	0	0	0	0	0	0	0	0	0	0	0	0	0	0	0	0	0	0	0	0	0	0	0	0	0	0	0	0	0	0	0	0	0	0	0	0	0	0	0	0	0	0	0	0	0	0	0	0	0	258.126221820014	0	0	0	0	0	0	0	0	0	0	0	0	0	26.4363548084501	0	0	0	0	0	0	0	0	0	0	0	0	0	0	0	0
1954.87261727523	0	0	0	0	0	0	0	0	0	0	0	0	0	0	0	0	0	0	0	0	0	0	0	0	0	0	0	0	0	0	0	0	0	0	0	0	0	0	0	0	0	0	0	0	0	0	0	0	0	0	0	0	0	0	0	0	0	0	0	0	0	0	0	0	0	0	0	0	0	274.372653509462	0	0	0	0	0	0	0	0	0	0	0	0	0	32.2253435306604	0	0	0	0	0	0	0	2.55077629659066	0	0	0	0	0	0	0	0
1955.70359580946	0	0	0	0	0	0	0	0	0	0	0	0	0	0	0	0	0	0	0	0	0	0	0	0	0	0	0	0	0	0	0	0	0	0	0	0	0	0	0	0	0	0	0	0	0	0	0	0	0	0	0	0	0	0	0	0	0	0	0	0	0	0	0	0	0	0	0	0	0	290.632213156367	0	0	0	0	0	0	0	0	0	0	0	0	0	38.0154901755369	0	0	0	0	0	0	0	12.9321550099652	0	0	0	0	0	0	0	0
1956.53457434369	0	0	0	0	0	0	0	0	0	0	0	0	0	0	0	0	0	0	0	0	0	0	0	0	0	0	0	0	0	0	0	0	0	0	0	0	0	0	0	0	0	0	0	0	0	0	0	0	0	0	0	0	0	0	0	0	0	0	0	0	0	0	0	0	0	0	0	0	0	306.904862727311	0	0	0	0	0	0	0	0	0	0	0	0	0	43.8067936137865	0	0	0	0	0	0	0	23.3128893831783	0	0	0	0	0	0	0	0
1957.36555287792	0	0	0	0	0	0	0	0	0	0	0	0	0	0	0	0	0	0	0	0	0	0	0	0	0	0	0	0	0	0	0	0	0	0	0	0	0	0	0	0	0	0	0	0	0	0	0	0	0	0	0	0	0	0	0	0	0	0	0	0	0	0	0	0	0	0	0	0	0	323.190564252654	0	0	0	0	0	0	0	0	0	0	0	0	0	49.5992527155974	0	0	0	0	0	0	0	33.6929783962133	0	0	0	0	0	0	0	0
1958.19653141215	0	0	0	0	0	0	0	0	0	0	0	0	0	0	0	0	0	0	0	0	0	0	0	0	0	0	0	0	0	0	0	0	0	0	0	0	0	0	0	0	0	0	0	0	0	0	0	0	0	0	0	0	0	0	0	0	0	0	0	0	0	0	0	0	0	0	0	0	0	339.489279826376	4.37956800494631	0	0	0	0	0	0	0	0	0	0	0	0	55.3928663522167	0	0	0	0	0	0	0	44.0724210263075	0	0	0	0	0	0	0	0
1959.02750994638	0	0	0	0	0	0	0	0	0	0	0	0	0	0	0	0	0	0	0	0	0	0	0	0	0	0	0	0	0	0	0	0	0	0	0	0	0	0	0	0	0	0	0	0	0	0	0	0	0	0	0	0	0	0	0	0	0	0	0	0	0	0	0	0	0	0	0	0	0	355.800971606072	21.0429221133419	0	0	0	0	0	0	0	0	0	0	0	0	61.1876333954485	0	0	0	0	0	0	0	54.4512162514496	0	0	0	0	0	0	0	0
1959.85848848061	0	0	0	0	0	0	0	0	0	0	0	0	0	0	0	0	0	0	0	0	0	0	0	0	0	0	0	0	0	0	0	0	0	0	0	0	0	0	0	0	0	0	0	0	0	0	0	0	0	0	0	0	0	0	0	0	0	0	0	0	0	0	0	0	0	0	0	0	0	372.125601812862	37.7227296164965	0	0	0	0	0	0	0	0	0	0	0	0	66.9835527168047	0	0	0	0	0	0	0	64.8293630493132	0	0	0	0	0	0	0	0
1960.68946701485	0	0	0	0	0	0	0	0	0	0	0	0	0	0	0	0	0	0	0	0	0	0	0	0	0	0	0	0	0	0	0	0	0	0	0	0	0	0	0	0	0	0	0	0	0	0	0	0	0	0	0	0	0	0	0	0	0	0	0	0	0	0	0	0	0	0	0	0	0	388.463132731281	54.4189424135925	0	0	0	0	0	0	0	0	0	0	0	0	72.7806231889834	0	0	0	0	0	0	0	75.206860397357	0	0	0	0	0	0	0	0
1961.52044554908	0	0	0	0	0	0	0	0	0	0	0	0	0	0	0	0	0	0	0	0	0	0	0	0	0	0	0	0	0	0	0	0	0	0	0	0	0	0	0	0	0	0	0	0	0	0	0	0	0	0	0	0	0	0	0	0	0	0	0	0	0	0	0	0	0	0	0	0	0	404.813526709372	71.131512487595	0	0	0	0	0	0	0	0	0	0	0	0	78.5788436848528	0	0	0	0	0	0	0	85.5837072726782	0	0	0	0	0	0	0	0
1962.35142408331	0	0	0	0	0	0	0	0	0	0	0	0	0	0	0	0	0	0	0	0	0	0	0	0	0	0	0	0	0	0	0	0	0	0	0	0	0	0	0	0	0	0	0	0	0	0	0	0	0	0	0	0	0	0	0	0	0	0	0	0	0	0	0	0	0	0	0	0	0	421.176746158403	87.8603919051562	0	0	0	0	0	0	0	0	0	0	0	0	84.3782130774945	0	0	0	0	0	0	0	95.959902652702	0	0	0	0	0	0	0	0
1963.18240261754	0	0	0	0	0	0	0	0	0	0	0	0	0	0	0	0	0	0	0	0	0	0	0	0	0	0	0	0	0	0	0	0	0	0	0	0	0	0	0	0	0	0	0	0	0	0	0	0	0	0	0	0	0	0	0	0	0	0	0	0	0	0	0	0	0	0	0	0	0	437.552753552959	104.605532816013	0	0	0	0	0	0	0	0	0	0	0	0	90.1787302404802	0	0	0	0	0	0	0	106.335445514307	0	0	0	0	0	0	0	0
1964.01338115177	0	0	0	0	0	0	0	0	0	0	6.52355742399229	0	0	0	0	0	0	0	0	0	0	0	0	0	0	0	0	0	0	0	0	0	0	0	0	0	0	0	0	0	0	0	0	0	0	0	0	0	0	0	0	0	0	0	0	0	0	0	0	0	0	0	0	0	0	0	0	0	0	453.941511430858	121.366887453146	0	0	0	0	0	0	0	0	0	0	0	0	95.9803940482815	0	0	0	0	0	0	0	116.710334834531	0	0	0	0	0	0	0	0
1964.844359686	0	0	0	0	0	0	0	0	0	0	27.1787232819715	0	0	0	0	0	0	0	0	0	0	0	0	0	0	0	0	0	0	0	0	0	0	0	0	0	0	0	0	0	0	0	0	0	0	0	0	0	0	0	0	0	0	0	0	0	0	0	0	0	0	0	0	0	0	0	0	0	0	453.941511430858	138.144408132812	0	0	0	0	0	4.09921622926639	0	0	0	0	0	0	101.783203375252	0	0	0	0	0	0	0	127.084569590063	0	0	0	0	0	0	0	0
1965.67533822024	0	0	0	0	0	0	0	0	0	0	47.8148137553447	0	0	0	0	0	0	0	0	0	0	0	0	0	0	0	0	0	0	0	0	0	0	0	0	0	0	0	0	0	0	0	0	0	0	0	0	0	0	0	0	0	0	0	0	0	0	0	0	0	0	0	0	0	0	0	0	0	0	453.941511430858	154.938047254614	0	0	0	0	0	16.638785875811	0	0	0	0	0	0	107.587157096324	0	0	0	0	0	0	0	137.458148757326	0	0	0	0	0	0	0	0
1966.50631675447	0	0	0	0	0	0	0	0	0	0	68.431755062439	0	0	0	0	0	0	0	0	0	0	0	0	0	0	0	0	0	0	0	0	0	0	0	0	0	0	0	0	0	0	0	0	0	0	0	0	0	0	0	0	0	0	0	0	0	0	0	0	0	0	0	0	0	0	0	0	0	0	453.941511430858	171.747757301351	0	0	0	0	0	29.1870898690312	0	0	0	0	0	0	113.39225408701	0	0	0	0	0	0	0	147.831071313028	0	0	0	0	0	0	0	0
1967.3372952887	0	0	0	0	0	0	0	0	0	0	89.0294732677581	0	0	0	0	0	0	0	0	0	0	0	0	0	0	0	0	0	0	0	0	0	0	0	0	0	0	0	0	0	0	0	0	0	0	0	0	0	0	0	0	0	0	0	0	0	0	0	0	0	0	0	0	0	0	0	0	0	0	453.941511430858	188.573490839202	0	0	0	0	0	41.7441076974021	0	0	0	0	0	0	119.198493223103	0	0	0	0	0	0	0	158.203336233233	0	0	0	0	0	0	0	0
1968.16827382293	0	0	0	0	0	0	0	0	0	0	109.607894281385	0	0	0	0	0	0	0	0	0	0	0	0	0	0	0	0	0	0	0	0	0	0	0	0	0	0	0	0	0	0	0	0	0	0	0	0	0	0	0	0	0	0	0	0	0	0	0	0	0	0	0	0	0	0	0	0	0	0	453.941511430858	205.415200517512	0	0	0	0	0	54.3098188745435	0	0	0	0	0	0	125.005873380853	0	0	0	0	0	0	0	168.574942494138	0	0	0	0	0	0	0	0
1968.99925235716	0	0	33.3676505232459	0	0	0	0	0	0	0	130.166943858895	0	0	0	0	0	0	0	0	0	0	0	0	0	0	0	0	0	0	0	0	0	0	0	0	0	0	0	0	0	0	0	0	0	0	0	0	0	0	0	0	0	0	0	0	0	0	0	0	0	0	0	0	0	0	0	0	0	0	453.941511430858	222.272839068845	0	0	0	0	0	66.8842029394257	0	0	0	0	0	0	130.814393437067	0	0	0	0	0	0	0	178.94588907169	0	0	0	0	0	0	0	0
1969.83023089139	0	0	95.8921223010574	0	0	0	0	0	0	0	150.706547600682	0	0	0	0	0	0	0	0	0	0	0	0	0	0	0	0	0	0	0	0	0	0	0	0	0	0	0	0	0	0	0	0	0	0	0	0	0	0	0	0	0	0	0	0	0	0	0	0	0	0	0	0	0	0	0	0	0	0	453.941511430858	239.146359309197	0	0	0	0	0	79.4672394573053	0	0	0	0	0	0	136.624052268713	0	0	0	0	0	0	0	189.316174941597	0	0	0	0	0	0	0	0
1970.66120942562	0	0	158.655172730907	0	0	0	0	0	0	0	171.226630951803	0	0	0	0	0	0	0	0	0	0	0	0	0	0	0	0	0	0	0	0	0	0	0	8.0469887327594	0	0	0	0	0	0	0	0	0	0	0	0	0	0	0	0	0	0	0	0	0	0	0	0	0	0	0	0	0	0	0	0	0	0	453.941511430858	256.035714137555	0	0	0	0	0	92.0589080188273	0	0	0	0	0	0	142.434848753417	0	0	0	0	0	0	0	199.685799079528	0	0	0	0	0	0	0	0
1971.49218795986	0	0	221.654140989533	0	0	0	0	0	0	0	191.727119201751	0	0	0	0	0	0	0	0	0	0	0	0	0	0	0	0	0	0	0	0	0	0	0	24.0613877931862	0	0	0	0	0	0	0	0	0	0	0	0	0	0	0	0	0	0	0	0	0	0	0	0	0	0	0	0	0	0	0	0	0	0	453.941511430858	272.940856536278	0	0	0	0	0	104.659188240432	0	0	0	0	0	0	148.246781769203	0	0	0	0	0	0	0	210.054760460932	0	0	0	0	0	0	0	0
1972.32316649409	0	0	284.886384953585	0	0	0	0	0	0	0	212.207937483856	0	0	0	0	0	0	0	0	0	0	0	0	0	0	0	0	0	0	0	0	0	0	0	40.0909629759167	0	0	0	0	3.27157178122172	0	0	0	0	0	0	0	0	0	0	0	0	0	0	0	0	0	0	0	0	0	0	0	0	0	0	0	0	0	453.941511430858	289.861739570838	0	0	0	0	0	117.268059764238	0	0	0	0	0	0	154.059850194376	0	0	0	0	0	0	0	220.423058061012	0	0	0	0	0	0	0	0
1973.15414502832	0	0	348.34928118062	0	0	0	0	0	0	0	232.669010775308	0	0	0	0	0	0	0	0	0	0	0	0	0	20.9751060397758	0	0	0	0	0	0	0	0	0	56.1356725437897	0	0	0	0	12.6133561105298	0	0	0	0	0	0	0	0	0	0	0	0	0	0	0	0	0	0	0	0	0	0	0	0	0	0	0	0	0	453.941511430858	306.798316389896	0	0	0	0	0	129.88550225807	0	0	0	0	0	0	159.874052907888	0	0	0	0	0	0	0	230.790690854795	0	0	0	0	0	0	0	0
1973.98512356255	15.1550416036498	0	412.040224883326	0	0	0	0	0	0	0	253.110263896566	0	0	0	0	0	0	0	0	0	0	0	0	0	90.0765557450422	0	0	0	0	0	0	0	0	0	72.195474824486	0	0	0	0	21.9561594907837	0	0	0	0	0	0	0	0	0	0	0	0	0	0	0	0	0	0	0	0	0	0	0	0	0	0	0	0	0	453.941511430858	323.750540225277	0	0	0	0	0	142.511495415289	0	0	0	4.17086657900327	0	0	165.68938878896	0	0	0	0	0	0	0	241.157657817278	0	0	0	0	0	0	0	0
1974.81610209678	32.3141026320964	0	475.956629896384	0	0	0	0	0	0	0	273.53162151127	0	0	0	0	0	0	0	0	0	0	0	0	0	159.222159079532	0	0	0	0	0	0	0	0	0	88.2703282096153	0	0	0	0	31.2999804746105	0	0	0	0	0	0	0	0	0	0	0	0	0	0	0	0	0	0	0	0	0	0	0	0	0	0	0	0	0	453.941511430858	340.718364391885	0	0	0	0	0	155.146018954966	0	0	0	30.09127290506	0	0	171.505856717246	0	0	0	0	0	0	0	251.523957923094	0	0	0	0	0	0	0	0
1975.64708063101	49.4846004348057	0	540.095928636835	0	0	0	0	0	0	0	293.933008125871	0	0	0	0	0	0	0	0	0	0	0	0	0	228.409755161541	0	0	0	0	0	0	0	0	0	104.360191155558	0	0	0	0	40.6448176136337	0	0	0	0	0	0	0	0	0	0	0	0	0	0	0	0	0	0	0	0	0	0	0	0	0	0	0	0	0	453.941511430858	357.701742287689	0	0	0	0	0	167.789052621882	0	0	0	55.9737740157616	0	0	177.323455572869	0	0	0	0	0	0	0	261.889590146793	0	0	0	0	0	0	0	0
1976.47805916524	66.6664933269512	0	604.455572058077	0	0	0	0	0	0	0	314.314348089328	0	0	0	0	0	0	0	0	0	0	0	15.0680495748998	0	304.244017680741	0	0	0	0	0	0	0	0	0	120.465022183142	0	0	0	0	49.990669460133	0	0	0	0.646102215713626	0	0	0	0	0	0	0	0	0	0	0	0	0	0	0	0	0	0	0	0	0	0	0	0	0	453.941511430858	374.700627393783	0	0	0	0	0	180.440576186145	0	0	0	81.8181907937658	0	0	183.142184236389	0	0	0	0	0	0	0	272.254553462671	0	0	0	0	0	0	0	0
1977.30903769948	83.8597396749844	0	669.033029597473	0	0	0	0	0	0	0	334.675565592876	5.75644372206462	0	0	0	0	0	0	0	0	0	0	42.1816137321419	0	389.633500174657	0	0	0	0	0	0	0	0	0	136.584779877909	0	0	0	0	59.3375345666634	0	0	0	21.3310192835081	0	0	0	0	0	0	0	0	0	0	0	0	0	0	9.00721222264669	0	0	0	0	0	0	0	0	0	0	453.941511430858	391.714973274229	0	0	0	0	0	193.100569443672	0	0	0	107.624343552855	0	0	188.96204158877	0	0	0	0	0	0	0	282.618846844886	0	0	0	0	0	0	0	0
1978.14001623371	101.064297897335	0	733.825789118072	0	0	0	0	0	0	0	355.016584669701	101.349686189717	0	0	0	0	0	0	0	0	0	0	69.338143173659	0	453.124730200861	0	0	0	3.7031300809909	0	0	0	0	0	152.719422889696	8.65944816467397	0	0	0	68.6854114855775	0	0	0	42.0018915350475	0	0	0	0	0	0	0	0	0	0	0	0	0	0	42.0664870518111	0	0	0	0	0	0	0	0	0	0	453.941511430858	408.744733576086	0	0	0	0	0	205.769012215761	0	0	0	133.392052034909	0	0	194.7830265114	0	0	0	0	0	0	0	292.98246926735	0	0	0	0	0	0	0	0
1978.97099476794	118.280126464422	0	733.825789118072	0	0	0	0	0	0	0	375.337329194769	197.449043418676	0	0	0	0	0	0	0	0	0	0	96.5374332521747	0	459.187220575406	18.3754803766985	0	0	29.8889060306483	0	0	4.05916891837514	2.54171652108251	0	168.868909933116	25.2215149005428	0	0	0	78.0342987699212	0	0	0	62.6586652414164	0	0	0	0	0	0	0	0	0	0	0	0	0	0	75.0731852234109	0	0	3.4219010511302	0	0	0	0	0	0	0	453.941511430858	425.789862029339	0	0	0	0	0	218.445884349336	0	0	0	159.121135409664	0	0	200.605137886108	0	0	0	0	0	0	0	303.34541970378	0	12.0076644504827	0	0	0	0	0	0
1979.80197330217	135.507183897441	0	733.825789118072	0	0	0	0	0	0	0	395.637722884476	294.045719453143	0	0	0	0	0	0	0	0	0	0	123.779279899712	0	465.251446751733	40.4723543481475	0	0	56.0725256810518	0	0	13.9055386687403	6.27954971329351	0	185.033199787453	41.7706992047112	0	0	0	87.3841949727622	0	0	0	83.3012865910578	0	0	0	0	0	0	0	0	0	0	0	0	0	0	108.026997104476	0	0	33.2990395664899	0	0	0	0	0	0	0	453.941511430858	442.850312446881	0	0	0	0	0	231.131165716738	0	0	0	184.811412273901	0	0	206.42837459511	0	0	0	0	0	0	0	313.707697127729	0	24.8902763733518	0	0	0	0	0	0
1980.6329518364	152.745428769155	0	733.825789118072	0	0	0	0	0	0	0	415.91768929643	318.831172841857	0	0	0	0	0	0	0	0	0	0	151.063479626813	0	471.317400475351	62.600240969052	0	0	82.2538747529725	0	7.44611359523784	23.7575521023357	10.0175927240072	0	201.212251296441	58.3069630671509	0	0	0	96.7350986477385	7.30921436058094	0	0	103.929701690714	0	0	0	0	0	0	0	0	0	0	0	0	0	0	140.927611806889	0	0	63.2343827117538	0	0	0	0	0	0	0	453.941511430858	459.926038724458	0	0	0	0	0	243.824836215806	0	0	0	210.46270065085	0	0	212.252735521095	0	0	0	0	0	0	0	324.069300512543	0	37.7647884011803	0	0	0	0	0	0
1981.46393037063	169.994819703226	0	733.825789118072	0	0	0	0	0	0	0	436.177151829188	318.831172841857	0	0	0	0	0	0	0	0	0	0	178.389829523446	0	477.385073812916	84.7590175568409	0	0	108.432838943606	0	18.0253237415604	33.6151992176022	13.7558454156975	0	217.406023368679	74.830268418043	0	0	0	106.087008348415	22.464985748948	16.6183263253305	0	124.543856565292	0	0	0	0	0	0	0	0	0	0	0	0	0	0	173.774717184184	0	0	93.227617280454	0	0	0	0	0	1.61209424530811	14.1188790809973	453.941511430858	477.016994840648	0	0	0	0	0	256.526875769842	0	0	0	236.074817989567	0	0	218.078219547146	0	0	0	0	0	0	0	334.430228831264	0	50.6311818386622	0	0	0	0	0	0
1982.29490890486	187.255315373906	0	733.825789118072	0	0	0	0	0	0	0	456.41603372206	318.831172841857	0	0	0	0	0	0	0	0	0	0	205.758127258183	0	483.454459132304	106.948561734968	0	13.4690536451081	134.609303922923	0	28.6095123518672	43.4784700235806	17.4943076590049	19.9428396463894	233.614474977432	91.340577128306	15.2028249667605	0	0	115.439922628881	37.610006022638	36.4061328459882	0	145.143697157513	0	0	0	0	0	0	0	0	0	0	0	0	0	0	206.567999828519	0	0	123.278431134192	0	0	0	0	5.34711140859998	9.26037057325323	29.486092881803	453.941511430858	494.123134856764	0	0	0	0	0	269.237264327588	0	0	0	261.647581164271	0	35.8190333407236	223.904825556758	0	0	0	0	0	0	0	344.79048105684	0	63.4894379627639	0	0	5.82797906063354	0	0	18.9864313671868
1983.1258874391	204.526874506023	0	733.825789118072	0	0	0	0	0	0	0	476.634258054847	318.831172841857	0	0	0	0	0	8.2106616414301	0	0	0	0	233.16817107854	0	489.525549084315	129.168751432031	0	34.1346315799487	160.783155330542	0	39.1986704920906	53.3473545411057	21.2329793205812	40.5530533347221	249.837565160602	107.837851009437	30.6499312509873	0	0	124.793840043353	52.7442450025227	56.2183986047874	0	165.729169327737	0	0	0	0	0	0	0	0	0	0	0	0	0	0	239.307145067529	0	0	153.38651320242	0	0	0	0	27.7515897163737	16.9121420355538	44.8416965685663	453.941511430858	511.244412916845	0	0	0	0	0	281.95598186318	0	0	0	287.180806473918	0	80.5568708534547	229.732552433869	0	0	0	0	0	0	0	344.79048105684	0	76.3395380222183	0	0	24.8908267165114	0	0	39.185128048684
1983.95686597333	221.809455874671	0	733.825789118072	0	0	0	0	0	0	0	496.831747747612	318.831172841857	0	0	0	0	0	18.9247209671278	0	0	0	0	260.619759810462	0	495.59833658546	151.419464882157	0	54.7828459818703	186.954278772424	0	49.7927892344338	63.2218428018208	24.9718602669169	61.1388640611331	266.075253020889	124.322051813272	46.0844294159995	0	0	134.148759146302	67.8676724617593	76.055036302837	0	186.300218853468	0	0	0	0	0	0	0	0	0	0	0	0	0	0	271.991836961657	0	0	183.551553482179	0	0	0	0	50.1831985231396	24.5674038021782	60.1856573689507	453.941511430858	528.380783247602	0	0	0	0	0	294.683008376073	0	0	0	312.674309641611	0	125.365239976506	235.561399062855	0	0	0	0	0	0	0	344.79048105684	0	89.181463236962	0	0	31.5805668038098	0	0	59.3988787122869
1984.78784450756	239.103018304923	0	733.825789118072	0	0	0	0	0	0	0	517.008425560488	318.831172841857	0	0	0	0	0	29.6381363380184	0	0	0	0	288.112692858269	0	501.672814802321	173.700580624807	0	75.413628916021	213.122559817723	0	60.3918596585462	73.1019248488653	28.7109503664371	81.70018084031	282.327497725751	140.79314123193	61.5062842764856	0	0	143.50467849256	82.9802581257367	95.915958842572	0	206.856791429316	0	0	2.72857204889893	0	0	26.4653091263837	0	0	0	0	0	0	0	2.04229289507691	304.62175830103	6.57093790725201	0	213.773243038084	0	0	0	0	72.6418343211018	32.2261510461016	75.5179424572689	453.941511430858	545.53220015831	0	0	0	0	0	307.418323891095	0	0	0	338.127905814041	0	170.243606832307	241.391364328458	0	0	0	0	0	0	0	344.79048105684	0	102.01519479854	0	0	39.0574258888109	0	11.8130129212389	79.6276328398655
1985.61882304179	256.407520671696	0	733.825789118072	0	0	0	5.38684092276593	0	0	0	537.164214093431	318.831172841857	0	0	0	0	0	40.3509066146408	0	0	0	0	315.646770204246	0	507.748977136587	196.011977504625	0	96.026912310592	239.287883995018	0	70.9958728526023	82.9875907363713	32.4502494859721	102.236912455047	298.594258507395	157.251080898145	76.9154605846959	0	0	152.861596637051	98.0819716728498	115.801079329019	0	227.398832666476	0	15.4817166431057	21.9163955531793	0	0	58.5102505148355	0	0	0	0	0	24.5682034118098	0	11.2865008552468	337.196590603049	17.8092323066408	0	244.05127400198	0	0	0	0	95.1273938161022	39.8883789450847	90.83851895437	453.941511430858	562.69861804085	0	0	0	0	0	320.161908458484	0	0	0	363.541409561177	0	215.191439158969	247.222447115931	0	0	0	0	0	0	0	344.79048105684	0	114.840713869971	0	0	49.7477382627748	0	26.2869349308034	99.8713399835673
1986.44980157602	273.722921899545	0	733.825789118072	0	0	0	30.3665556359452	52.97273561279	0	0	557.299035786024	318.831172841857	0	0	0	0	0	51.0630306586541	0	1.51902434077825	0	0	343.221792408421	0	513.82681721156	218.353534671681	0	116.622627956099	265.450136789256	0	81.6048199118801	92.8788305298722	36.1897574929107	122.748967456326	314.875494662801	173.695832384632	92.3119230302443	0	19.8460826484226	162.219512135091	113.172782733695	135.71031106887	0	247.926288092612	0	42.1015954146664	41.1000276068654	0	0	90.6178106638087	0	0	0	0	0	63.641915622974	0	20.5312076906265	369.716014109544	29.0456412461136	0	274.385339572427	0	0	0	0	117.639773926328	47.5540826812408	106.147353927705	453.941511430858	579.879991369522	0	0	0	0	0	332.913742153655	0	0	0	388.914634875677	0	260.208206300765	253.054646310882	0	0	0	0	0	0	0	344.79048105684	11.2496470533148	127.658001585711	0	0	61.4105012177956	0	40.760760646853	120.129949764387
1987.28078011025	291.049180962268	0	733.825789118072	0	0	0	55.3429435924601	121.615913265399	0	0	577.412812917312	318.831172841857	0	4.85926173848769	0	0	0	61.7745073311559	0	8.23606444254438	0	0	370.837560608109	0.623568234280876	519.906328859341	240.725131581136	0	137.20070750518	291.609203638444	0	92.2186919395454	102.775634305998	39.9294742550123	143.236254163261	331.171165553707	190.127357204591	107.695636239755	0	43.5000305195545	171.578423542128	128.252660891678	155.643567570676	0	268.439103151366	0	68.743565404152	60.2794281266447	0	0	122.787630386963	0	0	0	30.0405193230495	0	102.809654819242	0	29.7764126590077	402.179707784355	40.2801561624847	0	304.775134014449	0	0	4.82295815500598	0	140.178871783188	55.2232574403748	121.444414391042	453.941511430858	597.076274701097	0	0	0	0	8.9620958216788	345.673805077358	0	0	0	414.247395172644	0	305.29337919897	254.816181646243	0	0	6.811898359946	0	0	0	0	344.79048105684	23.4148126363489	140.467039051474	0	0	73.0811291763027	0	55.2344898221681	140.403411872684
1988.11175864449	308.386256882856	0	733.825789118072	0	0	0	80.3159022328125	190.54183992109	0	0	597.505467605583	318.831172841857	0	17.1285349263087	0	0.678901108179387	0	72.4853354932174	0	14.9547307134589	24.2737806861083	0	398.49387651755	15.8544791505561	525.987506108973	263.126647993253	0	157.761082472216	317.764969930295	33.6724803529622	102.8374800466	112.677992152696	43.6693996394879	163.698680662664	347.481230606713	206.545616811238	123.066564776933	0	67.1707318890023	180.938329413989	143.321575682425	175.600762544766	0	288.93722320228	0	95.4075226785439	79.4545570062707	11.0226278041323	20.0506759982232	155.019351803947	0	0	50.5495954925085	60.5140922368139	0	142.070769262517	0	39.0221150183711	434.587349310805	51.5127684911299	0	335.220352658923	0	0	35.1951851759896	0	162.744584731444	62.8958984135157	136.729667304438	453.941511430858	614.28742267471	0	0	0	0	23.5563044022251	358.442077355588	0	0	0	439.539503289203	0	350.446430382117	255.233409491188	0	0	15.3698583660527	0	0	0	0	344.79048105684	35.5823147137122	153.267807344546	6.82282301081358	0	84.7596054112034	0	69.7081222081762	160.691676067853
1988.94273717872	325.734108733129	0	733.825789118072	0	0	0	105.285328969529	235.281789054526	0	0	617.576921808199	318.831172841857	0	29.3887848549206	0	22.259706511365	0	83.195514005607	0	21.6750212125487	73.8417385021689	0	426.190542427381	31.0816704125771	532.07034317538	285.557963973313	0	178.303684232528	343.917320998748	82.5499576338631	113.461175351461	122.585894169169	47.4095335138496	184.13615480917	363.805649313114	222.950572598062	138.424673142371	1.63324501636017	90.8581188178507	190.299228306593	158.379496593987	195.581809902984	0	309.420593520352	0	122.093363484222	98.6253741165769	45.1511538778768	67.0673062034121	187.312618339291	0	11.907983395968	120.536382466534	90.9476357921756	0	181.424609999422	0	48.2683140252938	466.93861508947	62.7434696630106	0	365.720691901713	0	9.93379823303447	65.521658426121	0	185.336810329114	70.5720007953251	152.003079574295	453.941511430858	631.513390011764	0	0	0	0	38.1389569616239	371.218539139555	0	0	0	464.790771484231	0	395.666833955656	255.695214613672	0	0	23.9299766136445	0	3.37284860819768	0	0	344.79048105684	47.7521423723945	166.060287513359	14.0722571194004	0	96.4459132176574	2.12169570750672	84.1816575572298	180.994692178108
1989.77371571295	343.092695633535	0	733.825789118072	0	0	0	130.251121183224	254.54776076565	18.8097945644802	0	637.62709732136	318.831172841857	0	41.6399914703821	0	43.8610594133895	0	93.9050417290225	0	28.3969340076806	123.298481327417	0	453.927361204209	46.3051202529647	538.154834449046	308.018959891426	0	198.828444022528	370.066142120893	131.296145480301	124.089768980374	132.499330465703	51.1498757455047	204.548584224848	380.144381229081	239.3421858986	153.769925773777	11.3249125516014	114.562123463001	199.661118776175	173.426393066708	215.586623758814	21.9341343179274	329.889159295914	0	148.800984246109	117.791839304418	79.2148270152138	113.974726913842	219.667074721643	0	23.9958954343702	190.711011663047	121.340913769894	0	220.87053086096	0	57.5150089373156	499.233180235887	73.9722511060788	0	396.275849203215	0	25.3094760561555	95.8021292128695	0	207.955446347457	78.2515597853935	167.264618053351	453.941511430858	648.754131515923	0	0	0	0	52.7100225287126	384.003170605616	0	0	0	487.776991668847	0	440.954065591407	256.201330688025	0	0	32.4922486516658	0	10.7685827729786	0	0	344.79048105684	59.9242847055959	176.81210793128	21.3193818773894	0	108.140035912796	28.632969031402	98.6550956210797	201.312410100503
1990.60469424718	360.461976752981	0	733.825789118072	0	0	0	155.213176220147	273.861119327391	40.9630460381235	20.4554756442533	657.65591578002	318.831172841857	0	53.8821346877555	19.0334461866345	65.4828791638413	0	104.613917524123	0	35.1204671666742	172.643004747534	0	481.70413629	61.5248068969421	544.240974486313	330.509516422462	3.75832764554819	219.335292939114	396.211318513409	179.909864232207	134.723252067296	142.418291163736	54.8904262020089	224.935876299029	396.49738597556	255.720417986411	169.102287045671	21.0118053341854	138.282678077104	209.023999379266	188.462234493092	235.615118427168	47.0847597035899	350.342865634245	0	175.530281566422	136.95391239255	113.213246793423	160.77202072756	252.082366983084	0	36.0769141936002	261.071226016348	151.693689294452	0	260.407888461674	0	66.7621990119091	531.470718578399	85.1991042450588	0	426.885523087307	0	40.6833992339764	126.036347937502	0	230.60039077119	85.9345705874124	182.514249540444	453.941511430858	666.009602073011	0	0	5.62907565704123	0	67.2694700790975	396.795951955353	7.63611009001966	0	0	508.977443589656	0	486.307602516702	270.673522092469	0	0	41.056670032226	0	18.1649293862236	0	0	344.79048105684	72.0987308099071	176.81210793128	28.5641941692602	0	119.841956836121	55.1215168164042	113.128436151826	221.644779800767
1991.43567278141	377.84191130845	0	733.825789118072	0	0	0	180.171391389469	293.216324965386	63.1362591618222	48.2353766277744	677.663298657706	318.831172841857	16.6717605427349	66.1151943929965	45.906806689702	87.1250852927495	0	115.322140251178	0	41.8456187593479	221.874299586516	0	509.520671701537	76.7407085571077	550.328758000514	353.029514545853	22.9882255992203	239.824161939076	422.352735329365	228.38992719407	145.361615753925	152.342766396192	58.6311847507609	245.297938188222	412.86462323828	272.085230075179	184.421721269434	30.6939149386841	138.282678077104	218.387868672515	203.48699021796	255.667208424227	72.200638210548	370.781657555334	0	202.281152223961	156.111553178829	147.146011081799	207.458264762248	284.558142457866	0	48.1510244589906	331.614780270078	184.117095316894	0	300.036042199069	0	76.0098835064302	563.650902656236	96.4240205008823	0	457.549413140561	0	56.0555475472259	156.22406409249	0	253.271541798246	93.6210284094197	197.751940780591	453.941511430858	683.279756650904	0	0	12.0631394375916	0	81.8172685321401	409.596863415443	98.2739329633664	0	22.8256006937199	530.172498865116	7.48946842094058	531.726923502808	290.721514912872	0	0	49.6232363081518	0	25.5618858155826	0	0	344.79048105684	84.2754697870947	176.81210793128	35.806690876832	10.2972563344993	131.551659349155	81.5872273238762	127.601678901218	241.991751313151
1992.26665131564	395.232458564891	0	733.825789118072	0	0	0	205.125663960698	312.609177636901	85.3293508424086	75.9775944030539	678.981501366859	318.831172841857	37.0995106605727	78.3391504427713	72.8198796187985	108.787597493882	0	126.029708770381	0	48.572386855535	270.991351888098	0	537.37677202977	91.9528034339206	556.418179853435	375.578835545502	42.2405715554888	260.294981839065	448.490277654842	276.735140615287	156.004851189393	162.272746306955	62.3721512596749	265.634676815932	429.246052767792	272.085230075179	199.728192693316	40.3712329297997	138.282678077104	227.752725212826	218.500629538191	275.742808467305	97.281611773873	391.205479993675	0	229.053493172976	175.264721435466	181.012716038488	254.032530637486	317.094049781394	0	60.2182109998074	402.339440887432	219.779489959578	0	339.754354252022	0	85.2580616785704	595.773403717461	107.646991291121	0	488.267220011102	0	71.4259007710284	186.365026260166	0	275.968797839979	101.310928463925	212.977658464788	453.941511430858	700.564550299509	0	0	18.4989161506833	3.8511625276734	96.353386752697	422.40588523766	188.523941882552	0	59.7633106985751	551.359310896184	35.4604212216639	577.211508853417	297.089091119825	0	0	58.1919430358569	26.0890564512916	32.9594494303644	7.70466287971455	0	344.79048105684	96.4544907430966	176.81210793128	43.046868879291	39.1828559382696	143.269126835571	108.029988603171	142.074823621391	262.353274740079
1993.09762984987	412.633577834887	0	733.825789118072	0	15.3713207554634	0	230.07589116071	332.036431663526	107.542238169038	103.681931137509	678.981501366859	318.831172841857	57.5304440310359	90.5539826639649	99.7724713125741	130.470335623347	56.4063248743037	136.736621941747	0	55.3007695268295	283.775616207962	0	565.272242439155	107.161069715166	562.509235047439	398.157361009443	61.5152873526754	280.747683314908	474.623830505687	324.944303671932	166.652949530732	172.208221051144	66.1133255957127	285.945998872662	445.641634379378	272.085230075179	215.021665502318	50.043750862995	138.282678077104	237.118567557379	233.503121702675	295.841833474858	122.327521828756	411.614277797895	0	255.8472015422	194.413376908754	214.812956107478	300.493884456422	349.689738888975	0	72.2784585660329	473.242985954579	255.896531034152	0	379.562189578974	3.58416640530769	94.5067327858193	627.837891717287	118.868008029656	0	519.038645407609	0	86.7944386739501	216.45898211065	1.75615827992076	298.692057520948	109.004265967643	228.191369230191	453.941511430858	717.863938150692	0	0	24.936403825831	19.4570623829761	110.87779355056	435.222997698893	278.379797051135	0	96.765420537215	572.535441580898	63.4373662362696	583.199578888182	305.281977263529	0	0	66.7627857730706	70.2976676366004	40.3576175989771	45.0586041183897	0	344.79048105684	108.635782788372	176.81210793128	50.2847250544421	68.1165620968775	154.994342701157	134.449688488053	156.547870064148	282.729300252359
1993.92860838411	430.045228478476	0	733.825789118072	0	76.7117124579923	0	255.021970171396	351.495535829691	129.774838413105	131.348188352321	678.981501366859	318.831172841857	77.964550865099	102.759670854807	126.764388706233	152.173219700352	163.678033762273	147.442878625037	0	62.030764845298	296.004748435077	54.279149539208	593.206888666962	122.36548557588	568.601918718141	420.764972829928	80.8122950104449	301.182196901495	500.753278824024	373.016208449823	177.305901942481	182.149180795117	69.8547076267321	306.23181081556	462.051327953172	272.085230075179	230.302103818128	59.7114602841534	138.282678077104	246.485394263592	248.494435912436	315.964198566233	147.338209309669	432.007995730615	0	255.8472015422	213.557479318179	248.546324016325	346.841386789054	382.344861014312	0	84.3317518895418	543.99810966058	292.265697923339	0	419.458915915714	23.5297621823377	103.755896085861	659.844035316306	130.087062126633	0	549.863392098133	0	102.161141017972	246.505678400287	11.306683390473	321.441219679008	116.701036141902	243.393039659837	453.941511430858	735.177875418156	0	0	31.3756004904188	35.0714588142662	125.390457680473	448.048181101014	367.835093186356	0	133.831479734792	652.914816599257	91.4202762344087	583.199578888182	315.166172132421	9.19595888407585	0	75.335760080495	114.424996674333	47.7563876900579	82.332131357119	10.479823244573	344.79048105684	120.819335037676	176.81210793128	57.5202562769637	97.0981218544796	166.727290373814	140.127852028198	171.02081798144	303.119778088748
1994.75958691834	447.467369902853	0	733.825789118072	11.2893136426098	137.926761489599	0	279.963798126794	370.984453852043	152.027069027117	158.976166920525	679.679094266011	318.831172841857	98.4018213761508	114.956194783546	153.795439331069	173.896169906019	211.739868093407	158.148477679879	38.6935269563837	68.7623708841268	308.402884212195	129.013179241117	621.180517022491	137.56602917805	570.043727664793	443.401553202912	100.131516727236	321.598452992275	526.878507475084	409.317028182983	187.963699597053	192.095615716344	73.5962972202549	326.492018868317	478.47509343404	272.085230075179	245.569471699203	69.3743527307792	138.282678077104	271.690227020791	263.474541320287	336.109819061528	172.313514649969	452.386578468132	0	255.8472015422	232.696988356095	282.212410773386	393.074092655827	415.059068688085	0	96.3780756831045	553.934591966341	328.77287575242	0	459.443903772663	43.453129371812	113.005550836453	691.791501878986	141.304144988771	54.3944511034577	580.741163908783	0	117.525987558428	276.504860969786	20.8528381209499	344.216183365261	123.774220689898	258.582636282727	453.941511430858	752.506317397389	0	0	37.8165041744041	50.694329237913	139.891347841667	460.881415770969	456.883359075136	0	170.961039418043	721.500900690304	119.409123996339	583.199578888182	326.596142504707	35.5718091238291	0	83.9108615207592	158.47036801829	52.6485215877464	119.524698510666	28.362888511337	344.79048105684	133.005136609833	176.81210793128	64.7534594197778	126.127283089454	178.467953303565	145.14650672401	185.493667125079	323.524658555927
1995.59056545257	464.899961562136	0	733.825789118072	23.7026363725349	199.015071693673	0	304.901272110573	390.501537703734	174.298847644497	186.565667065628	711.306931726866	318.831172841857	118.842245780069	127.143534189339	180.865431313455	195.639106583387	250.381890103318	168.853417965725	84.0186854604708	75.4955857174397	320.94916415785	203.515617859812	649.192934386356	152.762678670724	570.043727664793	466.066984628073	119.472874881512	341.99638183892	552.999401243823	411.199178359538	198.626333674297	202.0475160036	77.3380942438776	378.05862754174	494.912890831615	272.085230075179	260.82373314056	79.032419730619	138.282678077104	304.966634457432	278.443407031167	356.278610481501	197.253277780981	472.749970600169	0	255.8472015422	251.831863686925	315.810805665709	439.191051512186	439.066962152839	0	108.417414641617	563.927987733297	365.349103041343	0	499.516526431807	63.354187186171	122.25569629546	723.679957472128	152.519248018924	115.91856219829	611.671665722435	0	132.888958043592	306.456274742789	30.3946149867083	367.016847843907	129.044437363357	273.760125573815	453.941511430858	769.8492194656	0	0	44.2591129082559	66.3256510944326	154.380432678508	489.017307891427	545.51805717128	0	208.153652308371	789.829440458737	119.409123996339	583.199578888182	339.423417378678	61.9508600165467	0	92.4880856589646	202.433103311027	52.6485215877464	156.635757082295	46.2449867528499	344.79048105684	145.193176628225	176.81210793128	71.9843313535832	155.203794512438	190.2163149625	150.171201734959	199.966417246932	350.537123832678
1996.4215439868	482.342962957096	0	733.825789118072	36.1251206589619	245.451914081985	10.1423672907095	329.834289153109	410.045436522078	196.590092079018	214.116488359698	742.969571786699	318.831172841857	139.28581429532	139.321668781827	207.974173373835	217.401950236968	288.947672944758	179.557698341768	129.445440181566	82.2304074203128	333.625645917621	277.783114852125	677.243948209568	167.95541218921	570.043727664793	488.761149908427	144.944995193708	362.37591355092	579.11584483152	413.139252877503	209.293795361802	212.00487185665	81.0800985651789	472.231185357608	511.364680220259	272.085230075179	276.064852073823	88.6856528031346	138.758604846929	338.708736875502	332.610401389028	376.470488547327	222.157338131292	493.098116629639	0	255.8472015422	270.962064946703	349.341096256777	485.191307233929	461.862374700955	63.5788996949088	120.449753441185	573.975698063611	401.950283356975	0	539.676159943157	83.2328546399996	131.506331720667	755.509066863584	163.732362616271	177.235270586815	642.654603477275	29.7509158214231	148.250032214727	336.359663724056	39.9320064949109	389.843112592254	134.322129782757	288.92547395371	453.941511430858	787.206537081573	0	0	50.7034247238853	81.9654018475955	168.857680779918	515.864261429923	604.153792217128	0	245.408872714933	857.881310535539	119.409123996339	583.199578888182	353.503237256621	88.3330987333125	0	101.067428062311	246.31252136856	52.6485215877464	193.664756162007	64.1261150755144	344.79048105684	157.383444220001	176.81210793128	79.2128689468083	184.327405665202	201.972358844736	155.201219148157	214.43906809884	382.879753779706
1997.25252252103	499.796333634985	0	733.825789118072	48.5567459181627	245.451914081985	46.1158517722329	357.415965284806	429.615029979298	218.90072032392	241.628429721773	774.653656858517	318.831172841857	159.732517142387	151.490578241302	235.121474825685	239.184621532294	327.435091783533	190.261317667109	174.972923760379	88.9668340687785	346.005095247441	351.812294937686	705.333366512774	183.144207855666	570.043727664793	511.483932150203	177.827458488889	382.736978095292	605.227722852579	415.136427500946	219.966075854862	221.967673486597	84.8223100517566	565.932781023469	527.830421739121	272.085230075179	291.29279236719	98.3340434581926	161.164342993941	372.806701052476	394.294883411638	396.685369180493	247.025534626547	513.430960972483	0	255.8472015422	290.08755174245	382.802868384608	531.073898103418	488.714677797614	132.800755851998	132.475076739206	584.075286434375	438.546876169221	76.4082433471511	579.922183120978	103.089050547682	140.757456369984	787.278493521002	174.943480176087	238.342231794969	673.689684165354	60.3928409137735	163.609189805726	366.214770998163	49.4650051436937	412.694877300555	139.606608349813	304.07864778897	453.941511430858	804.578225785658	0	0	57.149437653757	97.6135589851833	183.323060679522	534.609326122461	608.550668693346	0	282.726256527747	925.641888060142	119.409123996339	583.199578888182	368.699117777992	114.718512448162	0	109.648884300463	290.107938166114	54.3760722409393	230.611142423196	82.0062705860454	344.79048105684	169.575928516667	176.81210793128	86.439069065425	213.497866919797	213.736068466457	160.235930486271	228.911619432599	415.270948579738
1998.08350105526	517.260033189162	0	733.825789118072	60.9974915969074	245.451914081985	82.0184549003644	389.408286102736	449.209378791864	241.230650551302	269.101289416105	806.347876632484	318.831172841857	180.182344543728	163.650242218491	262.307145574614	260.987041295599	365.842678962016	200.964274800511	220.600272692468	95.7048637398257	357.658201147138	425.599757852261	733.460997885325	198.329043778354	570.043727664793	534.235214762506	212.207880202768	402.490294061809	631.334919831088	417.189870088888	230.643166356334	231.935911115648	88.5647285712569	628.441757032104	544.310075592	272.085230075179	306.507517825415	107.977583196724	175.896664186454	407.186230040659	457.168998822259	416.923168502588	271.857705688366	533.748447957305	0	255.8472015422	309.208283651522	416.195706159809	576.837856796681	518.946251127664	201.780923128116	144.493369174578	594.224467150335	475.118301210132	164.811662521536	620.253977539451	122.922693523117	150.009069501412	815.789191221609	186.152592090034	299.237085969009	704.776615830966	91.0882552793314	178.966410542908	396.021338728007	58.9936034241607	435.572041871968	144.89728288957	319.219613391814	453.941511430858	812.57050331765	21.7907653687878	0	63.5971497319576	113.270100018881	197.776540855582	556.325041933492	630.758969925805	0	320.551282375192	993.099470972502	119.409123996339	583.199578888182	384.885550459738	141.107088337176	0	118.23244994513	333.818666823864	59.4998010152362	264.761147405166	99.8854503903033	344.79048105684	181.770618653661	176.81210793128	93.6629285735661	242.714929476843	225.507427365932	165.274783289941	243.384070999905	447.708952856002
1998.91447958949	534.734021258957	0	733.825789118072	73.4473371727692	245.451914081985	117.849709574173	423.393139833962	468.827687443954	263.579801111752	296.534865050648	838.042583353424	318.831172841857	200.635286724094	175.800640334866	289.530996117214	282.809130513331	404.169308034804	211.666568600643	266.326627311835	102.444494511485	369.310783695382	499.142078113459	761.626651484316	213.509898051719	580.406642054734	557.01488145706	247.472949244966	415.471558199078	657.437320197535	520.456006978309	243.598039355207	241.909574977098	92.3073539912975	658.204490464253	560.803602047455	272.085230075179	321.708992189701	117.616263510688	230.623235256883	441.795415687324	520.717872592417	437.183802835245	296.653689234254	601.371679226672	0	255.8472015422	310.947675974801	449.51919196416	622.482210371373	550.480351986249	270.516269756171	156.504615367773	604.421094664225	511.649729928129	252.775843370147	660.670927528126	142.733701979816	200.31879862557	836.391241679088	197.359689745588	304.384022167244	735.915107568991	121.836861288346	194.321674144828	425.779108153372	68.5177938179039	458.474506422448	150.193645416919	444.282908681169	453.941511430858	812.57050331765	57.2120518355563	19.763828696509	70.0465589931878	128.935002484141	212.218089731095	580.647814370064	718.248470761787	0	359.007342740708	1060.24431466056	167.828824147794	583.199578888182	401.949234036833	167.4988135783	0	126.818120570411	377.444017593308	66.2189560666844	285.233209393594	117.763651593877	344.79048105684	193.96750377032	203.465447119568	100.884444332844	271.97834536466	237.286419103479	174.637820905951	257.856422552545	480.192420193124
1999.74545812373	552.218257529283	0	733.825789118072	85.9062621542941	245.451914081985	153.609146719451	458.895161215343	488.469275751445	285.948090533435	323.928953575637	869.72948959381	318.831172841857	221.091333910069	187.94175218238	316.792837540045	304.650810331864	442.414043443555	211.666568600643	312.151131772927	109.185724462672	380.962246868885	572.435804797705	761.626651484316	228.686748756019	608.673967972979	579.822816247922	283.301366693071	430.173644640733	657.437320197535	648.317664017603	290.994830072261	241.909574977098	96.050186179456	688.411611465655	660.631572907889	272.085230075179	336.897179137706	127.250075882848	295.642236555776	476.596954152815	565.015471242796	457.467188699787	316.835280964035	697.825288684186	7.44774739186751	255.8472015422	329.44921261907	482.772906448938	670.168718091912	583.758028497767	339.003639303103	185.031485063399	614.663153702524	551.842037915658	340.293743886431	701.172420166882	162.521994130738	222.125449815353	875.75245938781	225.156066212262	304.389428495831	767.104869523254	152.638362365489	209.674960322203	455.487819589765	78.0375687987933	512.490736045723	155.495256349463	491.350917156307	463.87662147597	812.57050331765	92.7078427269148	91.6100273516962	76.4976634739143	144.608243939792	226.64767567337	607.235160737231	806.897878315602	0	397.934352148657	1127.58030402799	215.569511810354	583.199578888182	419.789258081289	193.89367535111	0	135.405891752532	420.98329784429	74.3733970109777	311.042406451719	135.640871302034	344.79048105684	206.166573009909	258.888340415816	108.10361320277	301.287867437767	249.073027261328	189.079393714526	272.32867384228	512.720284985166
2000.57643665796	569.712701730504	0	733.825789118072	98.3742460812908	245.451914081985	189.296295284671	495.557688523046	508.133556916591	308.335437521672	351.283351281867	901.401428848094	318.831172841857	241.550476329994	200.073557323654	344.092481518539	326.512002056892	480.576062668019	211.666568600643	358.07293403237	115.928551673163	392.612064004561	645.439720769076	761.626651484316	243.859573957345	637.031129796957	602.658903451274	319.511481224216	446.426025731871	657.437320197535	719.906554572526	339.310242664758	241.909574977098	96.050186179456	719.000223556192	691.030258403092	272.085230075179	352.07204228353	136.87901178695	365.250107049011	511.563364938825	590.057134137142	477.773242817131	316.835280964035	788.802159761502	48.698726829828	255.8472015422	385.925170108877	515.956428533709	720.82088749646	618.769111270337	407.23985053797	220.68563491488	624.948750137587	597.694456184734	427.358243889042	741.757845280581	182.287487987822	222.125449815353	919.111279219215	315.452495715345	307.641019600165	798.345612884661	182.706058561158	225.026248777497	485.147212426973	87.5529208319669	576.005012078227	174.939725101677	533.175292593804	493.289740644971	812.57050331765	128.277664409561	163.756821731507	82.9504612108573	160.289801968778	241.065266994438	646.128014534139	896.223835005392	0	437.229425905508	1206.9249010505	240.230468391281	583.199578888182	438.316608858743	220.291660836478	0	141.139474770113	464.435812052556	85.4232550397185	340.966638302749	153.517106619267	356.201327157918	218.36781551957	260.790270400809	115.320432040585	330.643249375453	260.867235443826	203.51861307907	309.617133857424	545.29167967597
2001.40741519219	587.217313638081	0	733.825789118072	123.600914919491	245.451914081985	224.910682237676	533.112594288495	527.820020410039	308.335437521672	438.216798361352	933.052164393514	324.864198589482	262.012704213962	212.196035291699	371.42974031567	348.392627153207	518.654613119018	231.832861486464	404.091185829759	122.672974223979	404.259767786604	716.489941574189	761.626651484316	273.373755170673	665.471612274931	625.523027684961	346.097960026893	464.065320804737	657.437320197535	791.457570610854	388.207524655617	269.524805389346	96.050186179456	749.916998959861	725.84136455996	272.085230075179	367.233545177597	146.503062687657	437.047742784681	546.673956358207	615.653561326965	498.101882107564	316.835280964035	875.475825494417	90.0454004542697	255.8472015422	449.19650812198	549.069335405223	773.245782231013	655.241110072371	475.221697310668	259.526664484253	635.276102550221	643.48353258725	508.86870283064	782.426595433367	211.376005180186	236.547025898036	963.355303432785	444.813535056145	314.027710528951	829.637049889343	198.694897812154	240.375519204927	514.757025128088	97.063842374318	639.728164480619	226.462101426591	574.940510889989	522.776784580937	812.57050331765	163.921045170307	236.200372715211	84.5787487832587	175.979654177337	255.470831950725	692.13488174413	985.913547251133	0	476.822399067528	1269.7457064376	264.899544296884	583.199578888182	457.453285177086	246.692757216394	0	143.047331566776	495.608831281227	97.1293366199653	374.008168547575	171.39235464956	397.281999520191	230.571220450166	264.698831709806	122.534897701365	360.044245680383	272.669027277229	217.955473036919	372.037924888188	577.905879684429
2002.23839372642	604.732053072397	0	733.825789118072	160.081153298519	245.451914081985	260.451832562356	571.356905693373	547.528218486245	308.335437521672	547.847056021187	964.676235549653	421.810842141391	282.478007793671	224.309165590213	398.804426781079	370.292607244189	556.648986936764	291.978454927717	450.205042667732	129.418990196708	415.904941914009	788.175348513322	761.626651484316	386.708052316438	693.989909500541	648.415073868285	371.989313598138	482.939074049591	657.437320197535	862.884248050004	437.496963501334	324.818865289617	116.735393290464	781.11655058026	764.473206760122	285.450596018828	392.480499725846	156.122220040428	509.92628722764	581.912842040021	641.735842855572	518.45302369058	316.835280964035	962.989364987355	131.487073115565	255.8472015422	516.643411951893	582.574139399118	827.083180381666	692.948353831867	542.945948440469	300.31390314891	645.643534430491	689.193732254843	589.262330456747	823.178065922706	252.921698113059	262.163874711836	1008.35457277507	591.227975580117	325.219882620868	873.771830229214	203.807607481821	255.722751290043	544.316995228323	106.570325874144	703.642293553561	278.435782747107	616.634255280188	552.332973141164	812.57050331765	199.637515214853	308.9368715479	121.95920787895	191.677778195386	269.864338743099	739.384814774803	1075.75573337786	95.0829078461012	516.663858571112	1304.20154106662	289.56666072143	583.199578888182	477.131229147469	273.096951673775	11.3557483275488	160.878600029534	517.056094315984	150.859189029355	409.40249010416	182.987928571457	438.432058940915	242.776776956369	295.963859962181	133.249111011817	389.490611677094	329.097622533153	232.389967622914	439.593634325382	610.562265782929
2003.06937226065	701.711156639762	15.7377038056444	733.825789118072	200.639651250285	245.451914081985	295.919269255312	598.525660725974	567.257755464439	308.335437521672	656.825549355802	996.26883314939	453.856594428827	352.158822187594	241.435085106828	424.913348453287	392.211864111269	617.899977855743	342.977244492995	496.413663791552	148.84736326826	427.547214129336	853.742980574288	761.626651484316	500.171469873598	722.581332472864	683.120970564939	398.056636714239	502.90782847544	657.437320197535	934.125415266806	487.064267043098	380.430174300573	159.952240372261	812.560094207032	806.387035641334	330.504939438248	469.669175638123	180.522042988105	583.316917647303	617.26760997043	668.244645995327	538.826584884622	336.057527120399	1050.95949706742	201.135382981097	255.8472015422	586.711850951497	616.999239231687	882.05245625837	731.704551996574	601.12093452317	342.346506773194	656.049466967535	734.813148704654	669.482289513755	864.011654772925	296.068486032496	288.321908803522	1051.67924160239	621.909307863118	385.785876991265	936.727706377911	203.807607481821	271.067924709818	573.826859333976	116.072363771565	767.734869530412	330.70987783805	658.24714204295	581.954433215233	812.57050331765	235.426606665463	393.018654424887	159.584711156238	207.384151676246	284.245755516831	787.599938504301	1165.60212923331	193.152107781003	556.718015889221	1338.58376963417	314.224869691341	583.199578888182	497.291207145264	299.504231392051	33.4241398126621	190.249436055827	538.932390256562	221.612761993989	446.580864036068	190.033885387012	479.649243538848	254.984474196355	412.612204313588	162.403801386655	427.598020330302	407.164146971765	246.822090869357	510.077951310108	643.260297801142
2003.90035079488	805.984775764962	59.4787749818683	733.825789118072	243.246108712943	245.451914081985	325.515555788207	601.995193574307	628.345492475462	308.335437521672	765.134954631716	1027.82569800122	485.922470228191	440.923361563302	308.639636517995	439.835572058342	392.211864111269	680.761732249869	397.126069528824	557.038058589638	189.036879277347	493.309475682315	897.722567567991	828.084375420823	500.171469873598	751.241858797226	734.158233052666	424.268581126907	525.915808017412	657.437320197535	1005.13612218122	536.836734589465	436.284933539515	203.440033996205	844.214350944657	851.107671023901	376.766854180059	546.997144372245	254.697767413001	656.900584758223	652.728408196063	695.128811948902	559.222483206933	384.447974405757	1118.25515987436	319.077126037639	276.048689341203	671.857393430505	652.1719841514	937.93366170244	771.355974910023	609.298048873354	385.642276931785	666.492412382984	780.332428784222	749.447510681813	881.963315094507	340.192050106784	354.076240525854	1090.35202632636	640.706654462004	446.443121859098	1000.05964936489	203.807607481821	286.411019132177	603.286353121555	116.072363771565	831.99669816853	383.214292597001	699.771836816992	611.637983875467	812.57050331765	271.287853558715	490.5890548991	197.324953748591	267.687607344112	361.383373500795	836.561900312811	1255.34506902233	291.056303931652	596.958302952486	1372.89053600303	338.869213775954	583.199578888182	523.146063300531	358.480526600306	55.5076418239334	226.754251925211	561.18753115046	293.778818828375	485.124303022934	197.658132288213	520.93186279733	284.687933686088	478.145747391981	199.376128337663	522.268321719609	490.283706996087	299.373722579585	582.276773644385	675.999495868196
2004.73132932912	913.483158570236	103.275426625618	733.825789118072	286.990889548092	245.451914081985	362.853483988855	605.981833544783	694.298843616244	308.335437521672	837.937078062757	1059.34303757853	517.992622041256	531.704370967243	376.745641947355	457.640103109239	392.211864111269	743.426945997441	453.366049144849	632.247055203382	230.239631282817	572.670915960259	941.616040811522	910.627607444174	500.171469873598	779.968014209798	785.989907891787	450.600924960097	633.414981352391	657.437320197535	1075.88218868262	586.766014841506	492.341918466914	247.09270360668	876.050646650858	898.224943885027	423.819637896465	624.253793969254	346.252904240755	730.484642466332	688.287303395473	722.344142852085	618.659986938906	433.689482080686	1139.24031295593	439.161425231148	304.449235826405	774.604215568879	687.970222231206	994.55308474667	811.775552818759	617.479150895366	431.034035087163	676.970967765533	825.744057031661	829.106197765243	898.399784533592	384.942667014222	432.86081662617	1128.91685014653	661.139813939428	507.063625354873	1063.73138743608	279.492994487371	312.145750701209	632.695211336801	125.317506248227	896.420746316993	435.911779028711	741.202471189163	641.38097973312	814.547014954837	387.463941537685	588.908438114463	235.132868806135	364.86099110001	389.221323032309	886.097861041718	1327.09567870591	305.784163055334	637.36456011331	1407.12011305676	363.496049523587	591.56668511279	571.560256398288	425.014192186102	77.606194880516	267.517980855081	583.77817520351	366.649629332116	507.546944995149	205.794601693204	562.27859015871	315.721259443562	571.527351265342	242.157698198227	617.765596720961	576.432313372129	392.728261411621	690.737690519919	708.779426787392
2005.56230786335	1023.39069066704	194.735644424265	733.825789118072	331.42444671507	245.451914081985	448.643700953132	610.476440372425	760.495180562014	308.335437521672	906.785119472063	1090.81745725824	550.05482867656	623.797503164319	396.501537196939	478.006645836007	392.211864111269	805.881510933275	511.067297653884	709.925359260176	272.021773469917	632.149766200321	985.422662026335	993.514625195621	561.397167229589	808.756778380029	838.474867486301	477.03468391569	742.261538985097	657.437320197535	1146.33679956003	636.81873707682	548.576075814647	290.867140351114	908.044172092511	947.389757150971	471.407057397644	701.319329853959	444.96871272112	803.945391922796	723.937822276943	749.852364202482	694.450017382116	483.515250839051	1160.69946953497	560.170320922158	332.936811148582	877.237529038789	724.29404437056	1024.84352635802	852.857937446652	625.663898950756	477.934080441548	687.483809367194	871.041866970639	908.422794750304	916.206099144936	430.112017659622	512.226883964294	1167.3728814511	683.060152183756	567.573156883278	1127.71413335517	358.994904949075	351.169457666002	662.053167793948	163.448366326132	961.001431573259	488.780468118549	782.534247111948	671.181194940109	818.431893446372	528.658179292741	687.810141743529	272.987324619047	462.427373076423	418.504616170792	936.069855498933	1337.95086223945	305.784163055334	677.921187622958	1441.27088656227	390.675057349597	631.548141500305	621.582651517102	492.070973795025	99.7197395884879	310.895225500317	606.666828667859	439.978262572113	512.227596642647	214.383244247552	603.688340017471	350.871927802857	664.52916174965	304.775216100626	713.943484240116	664.567625240289	492.449276272587	805.481841631381	741.599693976347
2006.39328639758	1135.18411888859	298.474975078411	733.825789118072	385.725088462155	254.258209411822	555.206087636428	658.795105301142	826.925607518562	308.335437521672	975.960523918212	1122.24590324929	582.099496371099	716.847216162483	404.635505574056	500.624197641552	392.211864111269	868.114590873029	569.839264706757	789.422958925988	341.885529946526	672.987844972737	1029.14169608482	1076.73516913697	630.070750407562	837.605509410674	891.503475061713	503.55478463141	851.668462627388	682.523376956013	1172.64204967666	686.971138863033	604.971113551708	334.742371595172	951.325398585045	1004.18557056356	519.364328806022	778.119563419297	547.293841931032	877.199132088784	759.674618031013	777.620243355765	770.674669830656	519.539697774952	1182.60547505245	681.738635200204	361.500365274286	979.55425166215	750.671244207002	1083.36618899876	894.515449848181	633.851968706445	525.889693647134	698.029687325145	916.22069976354	948.367526576176	935.309379764026	475.569261593516	591.747807232829	1205.71929233584	706.327424249514	611.100540385769	1191.98466552105	439.663238339816	394.761634689312	691.359955375005	215.394510805716	1025.73417542734	541.806467755239	823.763162307337	701.036736067792	823.114535724488	671.098137018935	787.207024259063	310.877401892807	560.361906826605	449.729266566659	986.366768459408	1351.77377907171	305.784163055334	718.615898629857	1441.27088656227	474.588758048081	671.602949958796	672.808636832168	559.467598687618	182.207625675298	355.953785431291	630.870338733352	513.655729571397	517.452539406472	223.370237124133	645.16019159356	482.126287473114	757.142961226663	378.286497758464	810.720060621454	754.109868909907	595.151069429111	918.306025765409	774.459929929714
2007.22426493181	1135.18411888859	298.474975078411	733.825789118072	501.846149843922	303.831781032159	555.206087636428	720.872842668539	826.925607518562	308.335437521672	1032.92004905832	1153.62561497164	614.118971199439	716.847216162483	404.635505574056	500.624197641552	392.211864111269	930.117498268657	569.839264706757	789.422958925988	478.431523092183	714.171969266408	1072.77240975306	1076.73516913697	630.070750407562	837.605509410674	891.503475061713	503.55478463141	926.762569352589	723.96462596439	1189.39405446586	686.971138863033	604.971113551708	387.055349483518	997.623946406777	1004.18557056356	567.581227793919	854.605175479651	547.293841931032	950.18657719969	759.674618031013	820.097599951469	770.674669830656	551.655814784998	1204.93260903342	681.738635200204	378.152698009201	1037.62127370861	762.714993698894	1172.50314000239	894.515449848181	642.043052049301	622.933406312246	698.029687325145	961.276160958887	980.406865512766	935.309379764026	481.970849744961	671.196212492931	1243.9552574415	730.81124362216	653.823643120389	1191.98466552105	439.663238339816	441.50299178936	720.615306029123	273.232557493387	1025.73417542734	541.806467755239	898.662105865741	701.036736067792	823.114535724488	671.098137018935	787.207024259063	310.877401892807	560.361906826605	482.518203866549	1036.48020279074	1368.47113466952	367.099156681733	718.615898629857	1441.27088656227	474.588758048081	671.602949958796	724.939985285856	559.467598687618	182.207625675298	355.953785431291	767.892155022248	513.655729571397	523.205039683711	232.707825782986	645.16019159356	538.244122597344	849.361258231771	457.187944070576	810.720060621454	754.109868909907	699.352200226469	1025.25228948213	774.459929929714
2008.05524346604	1135.18411888859	298.474975078411	733.825789118072	620.604133079746	355.77597792148	555.206087636428	785.37526971185	826.925607518562	308.335437521672	1097.61771140128	1201.25835710115	646.107055676361	716.847216162483	404.635505574056	500.624197641552	392.211864111269	1015.58196277643	569.839264706757	789.422958925988	613.767283125161	755.622332169192	1116.3140707326	1076.73516913697	630.070750407562	837.605509410674	891.503475061713	738.395726603518	973.511657613318	785.937767660766	1206.14750467105	686.971138863033	604.971113551708	458.667386363762	1043.85564426418	1004.18557056356	615.981463248496	930.74131372069	547.293841931032	1022.86399110845	759.674618031013	866.759962214993	770.674669830656	584.665103720333	1227.65654819426	681.738635200204	434.451647721713	1071.12056500272	775.24010087933	1261.13330957977	894.515449848181	665.068629692748	767.969454219264	698.029687325145	1006.20444400215	1013.08702540531	935.309379764026	481.970849744961	750.438853334916	1282.07995300886	762.485433015464	696.829969156202	1191.98466552105	439.663238339816	493.451386078633	749.818950771939	333.783209037695	1025.73417542734	541.806467755239	1004.72132036669	701.036736067792	823.114535724488	671.098137018935	787.207024259063	347.705459688579	560.361906826605	516.57332625754	1067.76934508706	1387.93579898519	454.023316132168	718.615898629857	1441.27088656227	474.588758048081	671.602949958796	777.754068936582	559.467598687618	182.207625675298	355.953785431291	856.046571554344	513.655729571397	550.011856752554	248.251909725501	645.16019159356	593.126159232592	907.7683852163	538.875076862661	810.720060621454	754.109868909907	804.319354025992	1103.27426236878	774.459929929714
2008.88622200027	1135.18411888859	298.474975078411	733.825789118072	679.56147073162	409.118233120958	555.206087636428	851.674294674589	826.925607518562	436.942098930492	1163.25288047697	1274.26013402595	678.058662421039	716.847216162483	440.493115215261	500.624197641552	392.211864111269	1107.26263441523	600.687289275806	789.422958925988	747.840466676597	797.275224180752	1172.02828225074	1076.73516913697	630.070750407562	837.605509410674	891.503475061713	996.987009421404	1021.64874004865	849.009086815529	1222.90168656375	686.971138863033	604.971113551708	533.74657518125	1090.0102370471	1004.18557056356	678.003919209148	930.74131372069	547.293841931032	1095.19790130102	759.674618031013	914.470371688533	770.674669830656	636.447841801103	1250.75432138352	681.738635200204	490.662113280904	1106.63375303607	788.223463778213	1349.23618931819	894.515449848181	722.44687952771	916.172894111643	698.029687325145	1051.00220010037	1046.34587292377	935.309379764026	481.970849744961	829.391388541856	1320.09255610584	816.850285036517	740.059662471106	1191.98466552105	439.663238339816	597.959271098226	778.970619685233	395.691085840165	1025.73417542734	541.806467755239	1109.95104640652	701.036736067792	823.114535724488	671.098137018935	787.207024259063	416.285146492288	560.361906826605	551.659893386553	1100.25770959929	1410.04976364916	546.274841623505	718.615898629857	1441.27088656227	486.290018601101	671.602949958796	827.748949698189	559.467598687618	188.198204780989	505.606795528478	944.577118988678	513.655729571397	603.807930276109	316.820181963054	645.16019159356	689.032915123947	950.786524062237	622.037788458192	810.720060621454	754.109868909907	833.019382419168	1181.37987846434	774.459929929714
2009.7172005345	1135.18411888859	365.019651384066	735.909091268698	738.288431229599	463.312810719606	555.206087636428	919.308696847709	826.925607518562	574.247158546162	1246.93284126327	1342.1659363511	739.731639466065	716.847216162483	521.235782578602	500.624197641552	392.211864111269	1199.05282762245	654.658313073951	789.422958925988	880.611377820259	849.5037776228	1266.86587699402	1076.73516913697	630.070750407562	837.605509410674	891.503475061713	1021.13912113266	1070.9715743534	912.867571184122	1239.65592307065	686.971138863033	604.971113551708	609.055256653797	1136.07897916242	1004.18557056356	744.131491101724	930.74131372069	547.293841931032	1167.16181879946	759.674618031013	963.0704854578	770.674669830656	758.976970155552	1274.20425857903	681.738635200204	546.782630029202	1142.68978203531	835.258653090157	1436.79401159837	894.515449848181	779.898562100656	1065.39220721926	698.029687325145	1095.66644085347	1095.79269033026	935.309379764026	533.322397854944	907.996842340302	1357.99224399192	871.655279407055	783.46576946544	1191.98466552105	439.663238339816	708.264238093054	808.07004191639	458.308375133422	1025.73417542734	541.806467755239	1187.15110550354	701.036736067792	823.114535724488	671.098137018935	787.207024259063	502.135014413102	560.361906826605	640.548936900852	1133.82834035622	1434.68710318589	641.298942551707	718.615898629857	1441.27088656227	516.485682732571	671.602949958796	874.421669879567	559.467598687618	268.931324578429	715.172996298599	1033.22327259299	520.993642317187	658.07240676286	447.955367909105	645.16019159356	794.847726389209	993.722237485139	705.963376158834	810.720060621454	754.109868909907	849.771498522989	1259.51238790683	774.459929929714
2010.54817906874	1135.18411888859	496.586162765586	736.824529052998	796.782366719249	564.136294893499	569.500274457145	987.935838870003	826.925607518562	710.854232865531	1337.73404164754	1409.81185306046	828.175382817257	716.847216162483	618.882811920368	500.624197641552	392.211864111269	1290.81132802078	708.429485991171	789.422958925988	932.142555009709	922.383334896164	1361.63129327035	1076.73516913697	630.070750407562	837.605509410674	891.503475061713	1026.25802903366	1124.54682738144	977.280097470677	1262.13086407868	686.971138863033	604.971113551708	684.422389172021	1182.05433422533	1004.18557056356	810.033330638058	930.74131372069	547.293841931032	1196.79982443756	759.674618031013	1012.42969444301	770.674669830656	883.357275964223	1297.98593580964	681.738635200204	602.81195870372	1179.23582850347	946.631000894837	1523.79090242822	894.515449848181	915.661470926773	1114.45344785368	698.029687325145	1140.19446442816	1310.98414045976	935.309379764026	633.204680270154	955.97269119315	1395.77819359242	926.788347493159	827.010983938111	1191.98466552105	506.252137024723	784.052247536842	872.409174324855	525.609648837647	1025.73417542734	566.602826024627	1259.05424862019	701.036736067792	823.114535724488	671.098137018935	787.207024259063	597.36221332056	560.361906826605	754.65787960668	1179.43380591315	1447.58611866827	737.794327905099	718.615898629857	1441.27088656227	548.718392992986	671.602949958796	921.687908931563	559.467598687618	349.863053739523	890.844231662564	1121.80428564848	618.832469966278	722.798997860175	593.299894794528	645.16019159356	902.781122993629	1036.57454227685	878.53651312167	810.720060621454	754.109868909907	866.556952058584	1337.62773343412	774.459929929714
2011.37915760297	1135.18411888859	588.280708890356	739.159219092325	855.040670775182	768.385961806179	634.175055751997	1080.56507187972	826.925607518562	846.594399034001	1428.00058049481	1456.51410398267	916.189404335122	716.847216162483	726.048054716957	500.624197641552	485.678622093587	1382.43249904338	761.998698370379	789.422958925988	981.945070239591	995.152956089936	1456.18689843075	1076.73516913697	660.200903202979	837.605509410674	891.503475061713	1032.02381719331	1190.27465841386	1008.24859614882	1301.01681738575	718.755291150009	617.366844529985	759.743531709878	1227.92974314229	1004.18557056356	875.69738565441	964.371913828977	547.293841931032	1215.66262861361	759.674618031013	1090.80738240978	770.674669830656	1008.46672628517	1322.08011754867	681.738635200204	658.748987670751	1216.22476088136	1057.63937948313	1610.2123206008	894.515449848181	1051.6322942111	1174.27357726523	698.029687325145	1184.58379890027	1522.87505241948	935.309379764026	734.074126257302	1003.2810877299	1433.44958106199	982.161842345394	870.665311959015	1191.98466552105	585.455010140375	965.765143616824	1010.71136441609	590.480113650507	1025.73417542734	632.927409899149	1331.17423448182	701.036736067792	823.114535724488	671.098137018935	787.207024259063	697.704079007163	560.361906826605	870.190782270603	1253.81310812631	1455.88292868421	835.043095841723	718.615898629857	1441.27088656227	581.660978157532	671.602949958796	969.446711821969	559.467598687618	430.6433844864	940.965131867599	1210.19007449778	717.465375585998	789.728341384592	743.483578112231	650.26184203273	1011.8484386442	1079.34250832021	917.934050272199	810.720060621454	754.109868909907	912.482562307212	1381.11877967514	774.459929929714
2012.2101361372	1135.18411888859	685.927372377717	742.896247548508	913.060759912357	974.437361525848	710.635476078517	1118.83326285822	826.925607518562	981.379203827356	1517.72185390808	1470.21329730162	978.043605395282	716.847216162483	838.558060936226	530.970843601784	695.033547472055	1473.8351644268	815.363866113116	789.422958925988	1032.97581991068	1067.75118682256	1550.42617503877	1076.73516913697	749.283228999063	837.605509410674	891.503475061713	1038.42374007002	1256.12524604139	1027.35553968288	1379.87409644375	793.867691827776	647.31854593818	840.874024946877	1308.47030849607	1004.18557056356	941.114135327957	1006.92871867439	547.293841931032	1234.49767677947	759.674618031013	1164.49007034455	770.674669830656	1069.51598903333	1346.46869784155	681.738635200204	715.555986154551	1225.7016027435	1168.20299330208	1672.8624812747	894.515449848181	1186.94526953029	1174.27357726523	698.029687325145	1228.83215828799	1722.52529699094	935.309379764026	835.324895473594	1050.45231962682	1471.00558142029	1037.70630221681	914.404372687409	1191.98466552105	617.248320988889	1145.58109087684	1147.96598213876	734.002185961197	1025.73417542734	699.814997296451	1403.42035622719	704.828236692811	823.114535724488	671.098137018935	787.207024259063	800.853922988131	560.361906826605	986.251404906896	1327.77106112505	1474.70924064338	924.278211387138	718.615898629857	1441.27088656227	616.739092764967	671.602949958796	1017.61500046099	559.467598687618	634.70007228639	991.072743641798	1298.28383739763	816.294476948149	856.942493479664	895.140967384457	723.427993464892	1121.43633148493	1130.8106004847	957.869998984188	810.720060621454	754.109868909907	959.696700142725	1386.51560903613	774.459929929714
2013.04111467143	1135.18411888859	784.454025831262	762.877359683229	970.840061924012	1179.60877556529	795.206499226516	1158.49362743801	826.925607518562	1115.15102364915	1606.8875096917	1483.99107658989	978.043605395282	716.847216162483	966.221959454566	634.599248934485	906.849544153257	1564.95536808674	868.522918810986	802.701650140431	1085.05238478787	1140.1311769966	1630.86496786708	1076.73516913697	838.374485084699	837.605509410674	891.503475061713	1038.42374007002	1330.12097145397	1092.38248493901	1459.53778071991	816.246755863297	677.468707112892	985.022543408727	1347.53150954295	1004.18557056356	1006.27574331626	1044.0033559085	547.293841931032	1253.3048008131	759.674618031013	1237.84238307027	770.674669830656	1114.00517772814	1371.13464118227	681.738635200204	781.212962743874	1256.05376869425	1278.26525539273	1697.8303942627	894.515449848181	1321.44503889939	1204.2067235301	714.470059655787	1272.93740808432	1804.14820781936	935.309379764026	936.607606331309	1097.47802574183	1508.4453682472	1093.36598279116	965.228550553662	1191.98466552105	648.991036255262	1323.16377646156	1284.04518703482	885.833772260334	1025.73417542734	767.019824577732	1465.17163269333	741.767957842416	823.114535724488	671.098137018935	787.207024259063	905.503650541368	584.462048377423	1102.31125707578	1401.75981271855	1493.51929653941	1012.41437676796	766.007554397151	1441.27088656227	667.434879980428	671.602949958796	1066.12392803789	631.420345229111	781.284382688874	1041.1356945915	1386.01129263693	871.179367017717	924.303746324956	1046.81003481948	778.768626847944	1220.49276362851	1187.47272943824	1038.29402046964	810.720060621454	754.109868909907	1006.90283229059	1392.04414981848	774.459929929714
2013.87209320566	1135.18411888859	883.338112655288	843.513079238454	1028.37600828857	1272.32616930022	885.30719057236	1199.4153231289	826.925607518562	1247.86599953282	1695.48735417965	1517.61415151119	978.043605395282	716.847216162483	1093.85354272899	761.398881077119	1022.99645818701	1659.49564733196	921.473792102337	838.572918084884	1138.02240391595	1166.67145274774	1693.12693585991	1076.73516913697	935.936495347502	837.605509410674	891.503475061713	1038.42374007002	1417.12205627696	1164.30308845282	1539.78665747137	864.673748298987	735.425356617853	1091.97529550911	1347.53150954295	1004.18557056356	1027.83570473832	1080.60849550634	690.749314281304	1272.08383658954	771.299705429426	1310.85156401203	770.674669830656	1160.24033456422	1396.06192393918	681.738635200204	848.046065491195	1322.32111372821	1302.42579064581	1722.78529228972	894.515449848181	1455.02460891691	1248.35223106935	735.057282398618	1316.89753798163	1835.45217192173	935.309379764026	1058.92341549049	1144.35097895454	1545.76811342696	1168.56411611102	1023.75086512118	1191.98466552105	680.682595355048	1541.51703878905	1418.85764808497	1037.35682590151	1025.73417542734	792.288567104453	1520.9703910959	778.61887994986	823.114535724488	715.076530828293	787.207024259063	1004.0136036218	686.833436450016	1233.01369348414	1475.65372525934	1512.31235310177	1138.9492962538	766.007554397151	1441.27088656227	719.931480651925	727.506499134047	1114.91604084481	748.91961449228	929.646252867012	1091.12810202634	1444.08456152298	871.179367017717	1014.96190964184	1227.29045787188	863.489687032933	1239.23754097504	1230.61837951227	1215.19711779275	810.720060621454	754.109868909907	1095.91407268705	1425.74448774401	774.459929929714
2014.70307173989	1135.18411888859	982.262746421973	925.898899046296	1085.66602909339	1348.79288776531	989.898272488735	1241.48038819882	826.925607518562	1316.30613646424	1739.25918097717	1562.17543802038	978.043605395282	716.847216162483	1139.4851631411	854.772637113642	1132.48364493923	1764.59865822593	974.214422604044	838.572918084884	1288.30705286734	1225.7937886206	1763.70238422322	1076.73516913697	957.005154967606	837.605509410674	891.503475061713	1061.87255923768	1503.57126011297	1233.84697297744	1620.4410935746	921.477481822377	825.122843960688	1126.92577805549	1347.53150954295	1071.96066308607	1027.83570473832	1118.71652582196	862.23852869801	1290.83462366355	797.909434255689	1383.50650204521	770.674669830656	1299.61842836334	1421.23547694995	696.764857150413	975.230435342927	1388.8240364562	1368.47205897877	1752.01846954747	894.515449848181	1582.36048231221	1292.57946959419	755.750981315259	1360.71064009979	1848.82759477521	935.309379764026	1175.97852705952	1191.06485420159	1582.97298693279	1245.83579659448	1023.75086512118	1191.98466552105	721.734502948285	1576.20938377721	1555.2554711444	1188.04950681169	1025.73417542734	848.848426338906	1577.91938900113	815.379964330344	823.114535724488	767.50836162191	787.207024259063	1105.64334179261	826.189244367972	1299.45526474566	1549.2272474219	1660.67168734705	1197.24809740554	776.828207220841	1441.27088656227	773.795389766749	791.727340495766	1163.94306095817	913.551951873839	1095.89967992324	1145.03903238782	1497.03555797358	892.558066932035	1093.97879555039	1268.64092829892	950.34459211524	1278.26905910902	1272.25234148747	1422.20468367519	810.720060621454	762.375237273823	1226.25994523436	1476.81220927815	774.459929929714
2015.53405027412	1135.18411888859	1160.86940551751	1009.52147614729	1158.6865040196	1360.77474245706	1097.53407233045	1284.58279924241	826.925607518562	1376.85897010853	1768.45118838198	1594.62835515381	1053.04710499692	759.567786954208	1171.39549511084	985.311215006188	1208.05122210926	1885.77613944295	1026.74274446655	838.572918084884	1306.67345034531	1256.496049409	1877.9441903699	1076.73516913697	978.062680006044	837.605509410674	891.503475061713	1061.87255923768	1589.43644849742	1300.96251990214	1701.35378256083	978.235753156203	867.744595503289	1162.03304853275	1354.88210976023	1205.47690135283	1027.83570473832	1279.22294946494	1010.06562373431	1309.55700498081	824.721234470429	1438.56431869233	770.674669830656	1390.08610719809	1446.6411297527	787.429102635257	1132.59238958676	1455.49677082133	1397.62550788854	1836.73343711517	894.515449848181	1625.92518518339	1336.85956341897	808.947839042717	1404.37489146757	1863.54829935924	935.309379764026	1312.70628141807	1237.61405064966	1620.05915664544	1312.04820735806	1026.30903781052	1191.98466552105	1024.64787982438	1615.14876067798	1605.91674527308	1369.42339771169	1025.73417542734	947.523886469502	1635.88432057466	852.05024298267	823.114535724488	800.061198834807	787.207024259063	1197.25583816237	913.164496199529	1500.62444557067	1622.46786886442	1686.47052103887	1308.59572432878	879.134538948906	1449.47491978364	948.142259063036	828.575259791008	1213.16414596597	1045.43817261718	1318.76453784059	1200.09848752151	1550.77595185244	994.540814404188	1097.72468593474	1304.49198851923	1027.48612313806	1401.88582184075	1369.7714806663	1480.66092290161	810.720060621454	849.878251136152	1322.30078539785	1527.86329439223	774.459929929714
2016.36502880836	1135.18411888859	1160.86940551751	1094.01655585539	1158.6865040196	1412.07702610748	1097.53407233045	1341.90370951533	826.925607518562	1376.85897010853	1768.45118838198	1613.44907611243	1053.04710499692	759.567786954208	1203.4756269616	985.311215006188	1284.5580927389	1921.09335291441	1079.05668698299	838.572918084884	1306.67345034531	1256.496049409	1877.9441903699	1076.73516913697	1010.75554451634	869.279364769736	891.503475061713	1061.87255923768	1589.43644849742	1300.96251990214	1782.40272694531	1034.92168173351	877.30021305568	1162.03304853275	1377.24294763157	1297.0781142354	1027.83570473832	1279.22294946494	1010.06562373431	1328.2508266146	851.715579301832	1464.38056672634	770.674669830656	1390.08610719809	1472.26555679481	870.996185805454	1177.74352482653	1455.49677082133	1427.93576787636	1869.82443858774	894.515449848181	1625.92518518339	1381.16718018515	808.947839042717	1447.88853982126	1879.59260442487	935.309379764026	1348.69355442639	1283.99355386676	1657.02578820023	1366.99646076683	1089.01544856733	1191.98466552105	1024.64787982438	1659.43981214638	1605.91674527308	1394.35405203528	1025.73417542734	947.523886469502	1694.74678666101	888.628803184268	823.114535724488	808.645852338984	787.207024259063	1291.52009506485	913.164496199529	1500.62444557067	1695.36434619776	1722.46920742878	1308.59572432878	879.134538948906	1461.58574540753	1022.94148438813	830.370396522129	1262.54451588555	1045.43817261718	1318.76453784059	1278.5694455553	1605.20068872468	1097.69376774006	1097.72468593474	1468.58682540802	1072.3465259675	1423.30383783255	1369.7714806663	1480.66092290161	810.720060621454	869.058723691049	1329.84702728878	1578.8746532958	774.459929929714
2017.19600734259	1135.18411888859	1202.94551138292	1143.46808080583	1158.6865040196	1465.25309488264	1104.51754475075	1414.97523015488	826.925607518562	1387.45844660941	1802.74199942904	1632.37878451859	1074.10079627341	782.821291916305	1250.75465731685	1032.57979190833	1364.14760640904	1976.33354419771	1131.15417290123	838.572918084884	1306.67345034531	1260.48256308914	1892.09353194627	1076.73516913697	1039.61341096592	944.012661421548	891.503475061713	1098.61443209111	1635.1248769613	1300.96251990214	1817.45554112987	1091.5135754699	877.30021305568	1204.20046447083	1399.61419999922	1371.42051334013	1027.83570473832	1279.22294946494	1010.06562373431	1346.9159375255	878.875190392502	1492.94238234184	770.674669830656	1398.39717146882	1498.09622585658	989.794157151389	1294.4942854008	1503.1862502451	1459.33177043724	1967.54367824751	894.515449848181	1625.92518518339	1425.47998871008	818.376773921688	1491.2498920126	1896.93665739947	935.309379764026	1374.6489695727	1330.19882790885	1683.24353448649	1450.1533971396	1182.6192540649	1191.98466552105	1074.19676791135	1703.56179181853	1605.91674527308	1464.72582405897	1025.73417542734	947.523886469502	1754.40231674715	925.114775835379	823.114535724488	832.531536317028	787.207024259063	1387.72499816589	963.450576548757	1500.62444557067	1767.90642468669	1761.06030524213	1308.59572432878	879.134538948906	1519.36110453355	1120.29746377327	849.863838218347	1312.05436365497	1045.43817261718	1318.76453784059	1377.7398963287	1659.40806617943	1201.44266494825	1102.6529269441	1468.58682540802	1117.03750918666	1477.28758456573	1369.7714806663	1480.66092290161	816.857510446635	897.859094001796	1437.56976363877	1629.82588201751	774.459929929714
2018.02698587682	1135.18411888859	1311.41377102214	1154.87786920258	1158.6865040196	1520.09037772014	1231.20628271328	1487.55510007771	826.925607518562	1395.59815516736	1854.35731267359	1651.41216855906	1142.69399309388	838.836990653072	1316.5755292096	1101.43823787912	1446.2337338336	2032.64782046274	1183.03311721607	838.572918084884	1339.33485315693	1291.56005155739	1913.03512370159	1076.73516913697	1060.97486232951	968.623864340741	891.503475061713	1141.57414492563	1699.36627014487	1304.52181460105	1851.70136519084	1147.99363610762	937.660912028764	1279.69987867015	1422.45059277171	1431.25262910132	1095.48822594798	1288.20668928493	1010.06562373431	1365.55218934188	906.184736253614	1524.11972133237	806.602271769012	1427.60676103568	1524.12134884344	1092.33945291033	1400.39779107008	1559.71484614972	1491.74582724869	2064.74635905598	894.515449848181	1661.53350315779	1465.72206616039	839.406691335238	1525.82348048225	1915.55468873142	935.309379764026	1404.24619255829	1376.22573003555	1697.58850404973	1502.59582165159	1261.64429690448	1191.98466552105	1174.62157177093	1747.51156070087	1667.41757182522	1537.7969655038	1025.73417542734	947.523886469502	1814.75859933831	998.25069847122	823.114535724488	875.946988975249	787.207024259063	1408.9326629673	1022.27584304531	1500.62444557067	1840.08462873046	1802.1015901833	1308.59572432878	920.607140180381	1555.21930311726	1169.87734569027	869.457699860581	1323.77445492144	1079.18402413671	1318.76453784059	1446.51437452071	1685.21511955247	1296.58114145345	1155.3585892913	1468.58682540802	1161.55748064924	1531.10617103497	1417.112495501	1480.66092290161	816.857510446635	912.073609992532	1548.54671150582	1663.16844086174	774.459929929714
2018.85796441105	1135.18411888859	1423.30315300322	1167.22142339678	1158.6865040196	1609.39544049656	1262.58284447884	1506.02326144746	826.925607518562	1402.20618067273	1962.12190050562	1672.09942743573	1211.03944006355	895.775419343845	1382.61464859778	1174.55557626466	1472.69099607606	2089.21358323601	1234.69142629646	838.572918084884	1386.11034420112	1323.2754387841	1969.32128046832	1076.73516913697	1082.38149388	977.412648747798	897.611996291823	1184.46044243357	1763.54426445641	1447.4653142819	1887.03321956754	1204.34703100084	1011.85468055811	1357.10397168443	1457.03051282919	1491.24276600608	1212.62583144712	1377.53350661735	1010.06562373431	1384.15943615883	933.630575100798	1557.77889997243	856.292250074534	1456.7554640611	1550.80475814166	1102.08125667297	1425.10700235158	1622.33409862956	1525.11374953494	2161.38326826763	933.132738441455	1723.20143732629	1498.5863792062	884.842146764577	1557.24302282188	1935.41926922056	935.309379764026	1454.40388120911	1422.07044272366	1714.95321288592	1556.41006600663	1289.69604076497	1191.98466552105	1279.02794110341	1791.28614008988	1814.62589012769	1577.6513791845	1025.73417542734	954.97186539651	1875.73391764907	1080.87982797788	859.140907261558	939.421208893039	787.207024259063	1432.41679419837	1087.84835392292	1533.32778633316	1840.08462873046	1845.45279829459	1342.67516906766	967.722360963476	1591.11468614173	1222.66995851394	889.142449522611	1333.79737659231	1139.96790692586	1355.36398098888	1495.16534693007	1711.81426497803	1296.58114145345	1207.85216059551	1468.58682540802	1205.90487107806	1584.74635414314	1472.43131109088	1519.68223623812	816.857510446635	927.936200070457	1661.77032252777	1674.95839063449	778.644223813072
2019.68894294528	1135.18411888859	1460.28501899467	1180.47413363148	1177.30878294075	1723.19528920251	1262.58284447884	1506.02326144746	851.789082872092	1490.37733953278	2074.4754857856	1698.82582690545	1279.50756933371	968.408627144522	1400.0173215959	1250.65645389777	1492.97327025544	2147.36500955594	1279.56844799089	847.428317700833	1432.71596884497	1355.57717230686	2037.07805318969	1076.73516913697	1102.44349825465	986.776953546992	916.793065703786	1227.26123468197	1827.63209002817	1555.64214990555	1921.53640672586	1260.56121643584	1055.82730460633	1440.88331217809	1517.27562452758	1551.37291296796	1328.51179114068	1467.0805480495	1054.16243271976	1402.73753435409	961.200535217636	1632.04764144421	906.282099437967	1529.55796265552	1579.58340186136	1102.60255796054	1449.77415205129	1685.79612795723	1559.37489059296	2257.41149757458	933.933132790928	1975.6181198102	1531.36639256964	934.500876448659	1586.33149589194	1956.50156577702	935.309379764026	1504.80485752632	1467.72941903267	1759.13095121035	1611.46224970002	1318.04171632902	1191.98466552105	1351.57045924875	1834.88269039487	1876.79117822849	1614.47074741287	1025.73417542734	1006.90423787401	1937.25577838902	1163.69725469232	1039.85243999633	1022.73506115861	818.933464782173	1458.18360504022	1165.91138866561	1623.62238752525	1840.08462873046	1890.97717784371	1398.43634124066	1011.71508879234	1627.0352892894	1278.28673926005	908.909341025316	1343.93069557475	1200.44681584367	1424.19779099909	1543.59100912707	1739.17256585593	1316.59433384775	1260.13124310045	1468.58682540802	1268.27897079905	1638.19633036959	1527.85028317767	1583.0431537894	816.857510446635	945.360222219982	1776.79083394659	1686.74549736923	844.012047082653
2020.51992147951	1135.18411888859	1499.51696561611	1194.6103377785	1225.93550918083	1733.30663422346	1295.04209270885	1509.69282872329	931.428309899911	1614.70095891393	2153.8255211161	1749.80610912242	1347.99864965104	1124.58394195231	1418.43415429188	1329.1936330278	1513.74230086067	2207.72402575	1283.21745070479	927.908000021232	1479.14669610906	1388.41762652284	2116.50621902703	1076.73516913697	1106.50266546947	996.703187656722	937.389181026985	1269.96591780026	1891.60621178168	1626.93138072563	1941.14497050956	1316.62543678444	1099.78285243428	1524.49955708428	1594.67444929539	1611.62736609761	1430.4442010204	1556.65694315008	1138.03013416772	1415.74906226989	988.883727039521	1756.78279514819	970.299654054644	1661.31258298831	1608.32172449836	1110.90216040296	1474.39882257977	1707.56080622087	1594.47212677732	2268.27203559229	935.289138699397	2042.04433749424	1564.06148823004	984.104255151322	1607.16711685384	1978.77159155304	935.309379764026	1555.39540532426	1491.38404341002	1869.24827247454	1667.63276100562	1346.65789886723	1191.98466552105	1414.16909027624	1878.29849311426	1917.32074906549	1651.23765003788	1025.73417542734	1058.69414328503	1975.4729594255	1246.52403973907	1237.7611359548	1128.49281330601	868.493770062567	1531.34704513599	1243.98976526576	1743.90023448312	1872.15221444329	1938.54267760382	1454.10367452387	1055.59154922739	1662.97012374691	1313.51607312084	966.919367678005	1354.1723048415	1260.61143631729	1510.3057894968	1591.78875152567	1795.20779971697	1380.2910555334	1312.1934864652	1510.92902593559	1268.27897079905	1691.44549675356	1583.33892163625	1646.35998079447	834.956632621892	964.257390645173	1891.12493801044	1698.52958898719	909.288929077801
2021.35090001375	1135.18411888859	1529.81140809164	1209.60356907189	1274.46114653119	1744.41482787249	1340.906596445	1517.75764896174	1005.56290859177	1727.02829646592	2177.60765538975	1820.14611452087	1388.90209016836	1280.16826776053	1437.8332992837	1380.96046851597	1534.97835009234	2270.12578154723	1287.9695051181	1008.05805174229	1525.39790547469	1442.01518515718	2165.18205873027	1076.73516913697	1297.6839423803	1007.17732682264	959.51932964796	1312.56512521245	1944.87550642539	1700.45380059028	1941.14497050956	1316.62543678444	1144.99448422631	1560.13317250146	1671.77222471166	1671.99232474839	1473.92095550574	1646.11119644023	1292.89391202921	1433.83491857044	988.883727039521	1761.03270119301	1034.00708033611	1796.79487737637	1637.0179274768	1124.77934174729	1498.98061069418	1711.06914830155	1648.8431098088	2273.52997920851	937.196070230269	2108.09287499767	1605.08079510645	1033.62678818886	1628.0110798093	2002.19844696447	939.756944013323	1606.12823490847	1507.72670116441	1932.99368884748	1724.81479971349	1375.52291833841	1191.98466552105	1491.91120002762	1921.53093543513	1948.28389785836	1687.94910413784	1025.73417542734	1142.00969396918	1975.4729594255	1289.67901397747	1237.7611359548	1152.67083050195	917.892729954384	1546.88286797809	1319.64222702464	1833.67656205267	1927.77236228027	1988.02280835557	1509.65228554858	1099.35075395091	1716.96612522525	1332.27052956396	1041.23127321384	1364.52013317908	1320.45347591772	1599.60657209102	1591.78875152567	1849.34896573632	1386.88265676495	1364.03657615844	1559.86639941664	1295.02673055619	1781.72695932909	1638.87066932514	1709.58692240588	949.325233360302	984.539281052579	1891.12493801044	1713.78548080017	974.409271076265
2022.18187854798	1135.18411888859	1573.88622207004	1225.42679042767	1357.83237726593	1756.49904294473	1386.92441357537	1526.32148835412	1079.62442821148	1740.06706805732	2201.39414457843	1847.89497792952	1401.2374762037	1280.16826776053	1461.75316876224	1389.67748880624	1556.66232457274	2334.4165686288	1293.92002663108	1075.22459216316	1571.46532211116	1665.22588869513	2214.60663938434	1076.73516913697	1372.35779548706	1018.18501113396	983.121007814514	1355.05052655725	1979.77889081518	1748.53331482279	1941.14497050956	1316.62543678444	1193.11689296303	1579.31270861063	1748.52308761642	1705.83331987661	1475.88905349209	1710.11840261128	1369.34874118322	1454.84487247039	1032.57562566528	1765.78394311297	1097.39712381449	1805.93306966976	1665.6703153066	1147.78702833333	1523.51912625277	1735.42293571849	1721.77863445513	2278.84594456298	952.890811976548	2158.28830925568	1629.1944926775	1101.51632162153	1648.86222178874	2007.51841839789	1028.34671146458	1656.96155195573	1524.98610387633	1987.30811263613	1782.91299865058	1404.61672091017	1191.98466552105	1491.91120002762	1964.57749702534	1979.41830331467	1724.60233813028	1025.73417542734	1233.70695383204	1975.4729594255	1289.67901397747	1237.7611359548	1177.6088296603	967.126789667673	1562.45586707566	1376.9266049964	1902.43927270873	1958.77799695215	2039.2972212489	1599.00409046309	1154.98798545169	1771.11941890018	1352.30629730534	1113.64945433916	1374.97214546968	1395.95768943493	1646.25492334345	1591.78875152567	1896.32653834349	1388.33002323685	1419.02259744384	1608.87756601556	1315.61674763206	1822.70267023481	1694.42226777466	1838.15638668654	1025.50797590719	1020.75295057743	1891.12493801044	1753.63458937219	1039.32304414483
2023.01285708221	1135.18411888859	1590.34894853089	1283.61487610043	1513.6443888816	1769.53736218337	1433.05600098424	1538.99389641655	1153.65427399386	1753.18029954446	2225.18254363585	1875.6021741944	1413.65654143764	1280.16826776053	1512.93378170934	1453.72355276599	1598.73086790516	2393.96024706483	1301.05888305455	1135.56839965447	1617.34496374295	1710.21777319212	2264.72920731113	1076.73516913697	1372.35779548706	1085.35540156212	1008.09085703808	1397.41466406679	2034.2021591128	1799.77768367218	1941.14497050956	1316.62543678444	1242.0308604532	1608.24090512935	1763.63803746391	1769.14207744621	1477.85813320353	1739.53765563698	1400.29887665939	1488.72429799871	1121.33985006835	1772.74247982692	1160.46329398311	1811.88404491976	1748.80216738863	1216.51492547776	1548.01399109325	1758.08863572976	1795.12278741975	2283.86091940992	1001.25981750094	2158.28830925568	1661.63120089665	1173.8779019814	1669.71943317985	2035.81462377461	1028.34671146458	1707.85827341257	1543.13714137256	2019.47114355516	1782.91299865058	1414.01231775915	1191.98466552105	1491.91120002762	1977.3147580024	2010.711662842	1778.03905911692	1025.73417542734	1322.5433824175	1975.4729594255	1289.67901397747	1237.7611359548	1203.25952600143	1088.95266557558	1588.54013729114	1376.9266049964	1922.67083605143	2010.11217357456	2039.2972212489	1651.26966800604	1217.16799301235	1826.35686813631	1376.80879103963	1195.06456113423	1385.52634288856	1505.74722362074	1710.15464389708	1617.51841760056	1943.09191348001	1390.88606395881	1471.84235766154	1657.93061581288	1315.61674763206	1865.23240489374	1749.9732387509	1939.4949987935	1102.31109335086	1110.881625758	1891.12493801044	1793.44595691453	1103.99112570183
2023.84383561644	1135.18411888859	1590.34894853089	1283.61487610043	1513.6443888816	1769.53736218337	1433.05600098424	1538.99389641655	1153.65427399386	1753.18029954446	2225.18254363585	1875.6021741944	1413.65654143764	1280.16826776053	1512.93378170934	1453.72355276599	1598.73086790516	2393.96024706483	1301.05888305455	1135.56839965447	1617.34496374295	1710.21777319212	2264.72920731113	1076.73516913697	1372.35779548706	1085.35540156212	1008.09085703808	1397.41466406679	2034.2021591128	1799.77768367218	1941.14497050956	1316.62543678444	1242.0308604532	1608.24090512935	1763.63803746391	1769.14207744621	1477.85813320353	1739.53765563698	1400.29887665939	1488.72429799871	1121.33985006835	1772.74247982692	1160.46329398311	1811.88404491976	1748.80216738863	1216.51492547776	1548.01399109325	1758.08863572976	1795.12278741975	2283.86091940992	1001.25981750094	2158.28830925568	1661.63120089665	1173.8779019814	1669.71943317985	2035.81462377461	1028.34671146458	1707.85827341257	1543.13714137256	2019.47114355516	1782.91299865058	1414.01231775915	1191.98466552105	1491.91120002762	1977.3147580024	2010.711662842	1778.03905911692	1025.73417542734	1322.5433824175	1975.4729594255	1289.67901397747	1237.7611359548	1203.25952600143	1088.95266557558	1588.54013729114	1376.9266049964	1922.67083605143	2010.11217357456	2039.2972212489	1651.26966800604	1217.16799301235	1826.35686813631	1376.80879103963	1195.06456113423	1385.52634288856	1505.74722362074	1710.15464389708	1617.51841760056	1943.09191348001	1390.88606395881	1471.84235766154	1657.93061581288	1315.61674763206	1865.23240489374	1749.9732387509	1939.4949987935	1102.31109335086	1110.881625758	1891.12493801044	1793.44595691453	1103.99112570183
