Univariate_LR_coefficients_null_raster	Univariate_LR_coefficients_Mixed_C	Univariate_LR_R2_null_raster	Univariate_LR_R2_Mixed_C	Univariate_LR_delta_R2_Mixed_C
0.222819522244156	0.955459468751776	0.225790609005007	0.120415557907739	-0.105375051097268
0.30323869358435	0.85489393203144	0.251825580364646	0.0524040351665197	-0.199421545198126
0.205667273279815	0.49897620898068	0.348586858615999	0.0481270057294857	-0.300459852886514
0.198107318385253	0.716171268746094	0.343317142018877	0.0987520329164806	-0.244565109102397
0.266017256220056	0.638307836159685	0.373164257482372	0.0749801741364944	-0.298184083345877
0.223004802734047	0.729427654994794	0.452085105192932	0.144566335282062	-0.30751876991087
0.325693178625149	1.05111095704768	0.469895501528423	0.174673679825502	-0.295221821702921
0.312788566151232	0.835850448282349	0.400137607691373	0.0763988939464039	-0.323738713744969
0.263360018296483	0.542639581032228	0.388001255005143	0.0433265758476066	-0.344674679157536
0.253337589858094	0.60189913433172	0.305782178200249	0.0502568395785541	-0.255525338621695
0.276411448712494	0.866141633704089	0.300161468778702	0.0657482421589291	-0.234413226619773
0.163793104152798	0.797997804702999	0.340544575615153	0.168593361123813	-0.171951214491339
0.21068708672015	0.457213541357969	0.382997249662793	0.0549016241918326	-0.32809562547096
0.205096837255184	0.69228732592061	0.161117493075028	0.0470289435949612	-0.114088549480067
0.201199870827006	0.532117357798086	0.394514784874963	0.0558894409410879	-0.338625343933876
0.260538936296584	0.794129949952977	0.353927097924863	0.083689085022993	-0.27023801290187
0.190867574689895	0.510012770916872	0.333128451153511	0.0612247193311538	-0.271903731822357
0.180410147012328	0.691299367722129	0.219906921992264	0.0834387531696591	-0.136468168822605
0.255426355962294	0.48675592265583	0.298627472054518	0.0360648381238347	-0.262562633930683
0.197287392065138	0.806422758192451	0.225581198976633	0.128625477893277	-0.0969557210833561
0.201639024924044	0.75326727806867	0.338053924833599	0.101826757045304	-0.236227167788295
0.180680129653145	0.601039629462867	0.222518713436317	0.0765425892013251	-0.145976124234992
0.246080598351616	0.883228840024558	0.472562044388236	0.144791655173833	-0.327770389214404
0.200178833629194	0.625813974996741	0.235506045078312	0.0750675265637245	-0.160438518514588
0.269880938946026	0.84498223500908	0.383265300094942	0.0985963005731615	-0.284668999521781
0.180139242829934	0.46960495575025	0.171586484100425	0.0254010698133444	-0.14618541428708
0.243953345727508	0.639251093310798	0.291358036734729	0.0699470149755518	-0.221411021759178
0.247983374684704	1.12153314793493	0.271182892971096	0.150144679489704	-0.121038213481392
0.25902912312164	0.779505156284207	0.385862743673191	0.0914572525421971	-0.294405491130994
0.258190676386045	1.01677033433171	0.303776104195299	0.109689422194852	-0.194086682000447
0.209824007476643	0.468736962865283	0.279499323142856	0.0348373572006408	-0.244661965942215
0.211241343695487	0.606824748741908	0.383919859059414	0.0934748121769223	-0.290445046882491
0.244995465934506	0.588202460439356	0.342221800463975	0.0477049802566356	-0.294516820207339
0.212406899088952	0.784547913298509	0.324653368016391	0.164280167566276	-0.160373200450115
0.296152762230786	0.91915956963073	0.412730472893574	0.0869611366707163	-0.325769336222857
0.206031280547657	0.604566528797488	0.286827253460397	0.0807444329058135	-0.206082820554584
0.192919142990522	0.507131200871708	0.340349651115775	0.0781370475809777	-0.262212603534798
0.217268529894743	0.639116463298969	0.368799706554374	0.0715531584818801	-0.297246548072494
0.268961936374793	0.858728943163353	0.364476340200711	0.0828936486316838	-0.281582691569027
0.202543594000953	0.675745477378522	0.236151733613559	0.0890946664635603	-0.147057067149999
0.232028090770477	0.684215986612075	0.24092683226158	0.0526457253212694	-0.188281106940311
0.256829553013413	0.840248335564231	0.279460861486918	0.0751454469014864	-0.204315414585432
0.211465873314549	0.498702645549632	0.307188606072213	0.0636665377909504	-0.243522068281263
0.193986060572579	0.598120000329898	0.233934824560764	0.0590734954301319	-0.174861329130632
0.217372388602555	0.666217404848116	0.315237320301329	0.0760974021271931	-0.239139918174136
0.179934712193924	0.63856454516527	0.224288964474718	0.0786823831874086	-0.145606581287309
0.166129126384747	0.509156629519466	0.177367080306322	0.0384787552805243	-0.138888325025798
0.183414410032738	0.56803768582203	0.357109990525493	0.0823995287872292	-0.274710461738264
0.214642925419474	0.472882091332715	0.284415416435326	0.0479086367301544	-0.236506779705172
0.235765476889799	0.500282330186715	0.538974373576413	0.0598336687836907	-0.479140704792722
0.209944538291596	0.65866884833262	0.406956290819143	0.109250872316235	-0.297705418502908
0.233337623005543	0.559928821352404	0.333720817413073	0.0406830680402006	-0.293037749372872
0.281084677191373	0.784312721495229	0.46488923643515	0.0717763303722412	-0.393112906062909
0.37487579716325	0.927337023947713	0.429879352186057	0.0653951513671933	-0.364484200818864
0.263748099475411	0.66757710008416	0.339247272064378	0.0812523636960735	-0.257994908368305
0.220981228671124	0.49171252203296	0.216842294720352	0.0229298118797045	-0.193912482840648
0.22024732656777	0.430636668905645	0.331950054504101	0.0524298533271408	-0.27952020117696
0.239251232648356	0.899377882930648	0.373276718942098	0.0901846636387921	-0.283092055303306
0.229548574240751	0.712134406411307	0.379035292163742	0.0734619126933851	-0.305573379470357
0.268206167264813	0.55952422338353	0.381251202024942	0.0478931686201399	-0.333358033404802
0.2848875578817	0.670228277530665	0.291753496388956	0.0455937317072957	-0.246159764681661
0.167877490337337	0.530637299354144	0.285655277571106	0.0772002388514012	-0.208455038719705
0.320386189329167	0.919449576103084	0.31513640709585	0.0520893793905682	-0.263047027705282
0.187798072898109	0.739343480667582	0.35037866682321	0.104257828258171	-0.246120838565039
0.240182755564461	0.681286496377548	0.405881069958382	0.0866524142236937	-0.319228655734689
0.237115674083162	0.547499310837766	0.374696809338991	0.0579287710949485	-0.316768038244042
0.146454929562371	0.669496583272027	0.197883217055999	0.0916371094752772	-0.106246107580722
0.204459721141792	0.499748291154326	0.264640227175977	0.0393080259706129	-0.225332201205364
0.176855149231057	0.684922652199032	0.176388633541358	0.0636319056039008	-0.112756727937458
0.177930168023543	0.772003648368858	0.217822114114552	0.1254435197554	-0.0923785943591529
0.184740446488914	0.538295896416947	0.290424205338617	0.0505118889072368	-0.23991231643138
0.218383892309887	0.52147509127864	0.36905611801325	0.068981951324204	-0.300074166689046
0.331058115474386	0.889122071917234	0.305403533804577	0.0585668315863198	-0.246836702218257
0.226509123719329	0.707710374029136	0.296148230478894	0.066623109845712	-0.229525120633182
0.256569911503551	0.74062913724793	0.400870862865342	0.0755036783180389	-0.325367184547303
0.215572864145086	0.769096480385022	0.375663066856621	0.0912878310342685	-0.284375235822353
0.265001766795531	0.779417304545384	0.416688327579464	0.095893690913181	-0.320794636666283
0.212695326546727	0.722626419313173	0.30772664342743	0.0650089818592209	-0.242717661568209
0.223156575126236	0.8338618428656	0.510665076616354	0.114239460466295	-0.396425616150059
0.217057209772791	0.617375095102973	0.335122734599639	0.0905799599937563	-0.244542774605883
0.218660779852592	0.727972148290327	0.322847896914338	0.0750649918968326	-0.247782905017506
0.275818064093814	0.998124300949596	0.240004119704913	0.0760490708753791	-0.163955048829534
0.244070408196603	0.698065402901948	0.279615339155121	0.0618176919030739	-0.217797647252047
0.182109855758879	0.454624818036731	0.307519095655317	0.0414480167853012	-0.266071078870016
0.181152648543087	0.864215729528718	0.286809759606973	0.16140146717657	-0.125408292430403
0.246498786766735	0.716318286486037	0.349650740465462	0.0887032731300097	-0.260947467335452
0.219743240129023	0.668828612662602	0.391451138493332	0.080019692067238	-0.311431446426094
0.189692625288812	0.409265183155128	0.272504010882626	0.040864026414352	-0.231639984468274
0.260599408411358	0.603563494425029	0.313878215861824	0.0383618630770047	-0.275516352784819
0.16906711314208	0.358676339406796	0.403680516064048	0.0652829251111923	-0.338397590952856
0.196138361639848	0.735270538571228	0.365216662922906	0.0968302425647333	-0.268386420358173
0.199510880302591	0.554654756664742	0.162701380267353	0.0478450047751024	-0.11485637549225
0.17108605712449	0.400773514403289	0.263788154726978	0.0431372519539504	-0.220650902773028
0.225725933895176	0.766570786966502	0.315847562688074	0.0996949598409888	-0.216152602847085
0.222295271800955	0.634821746181781	0.331926744610458	0.0710948429327048	-0.260831901677753
0.261051242924666	0.764356851456416	0.41266284847157	0.0697201328309462	-0.342942715640623
0.228167162972808	0.570187552777935	0.405739620601347	0.0734843079204574	-0.33225531268089
0.236507440578315	0.502285210763319	0.381168339506244	0.045120599977186	-0.336047739529058
0.21021384109126	0.712613203591535	0.271693212493876	0.0818916173195741	-0.189801595174302
0.237234984589285	0.733554180306569	0.369376270419768	0.0913423680564333	-0.278033902363334
