Univariate_LR_coefficients_null_raster	Univariate_LR_coefficients_mamms_R	Univariate_LR_R2_null_raster	Univariate_LR_R2_mamms_R	Univariate_LR_delta_R2_mamms_R
0.509348634063282	0.00802707736966268	0.501592752472326	0.219919280353179	-0.281673472119148
0.161277939848129	0.00279203861023807	0.128795083744666	0.125423921246878	-0.00337116249778849
0.315069315823578	0.00655790914132291	0.171460156214606	0.178134106218209	0.00667395000360263
0.181228010384823	0.00325684102577876	0.194462916269028	0.218375887980761	0.0239129717117331
0.0807262044704342	0.00172678578090311	0.0155085973033488	0.0260075660091596	0.0104989687058108
0.264527871520785	0.00267346333033469	0.335467567228521	0.075694637794325	-0.259772929434196
0.351783052979205	0.00550787845295057	0.392980579391446	0.32210548246491	-0.070875096926536
0.266439706225198	0.00372485794030486	0.307177978213235	0.150784017887285	-0.156393960325951
0.200535996575834	0.00349859549861091	0.129583487887477	0.110019144047661	-0.0195643438398161
0.285993986073786	0.0045652158555237	0.414382956180605	0.26615855190508	-0.148224404275525
0.389843653990515	0.003781614026241	0.233513714640596	0.0656101977472109	-0.167903516893385
0.28978942822516	0.0052388315026402	0.0860889049763043	0.0832888291412248	-0.00280007583507948
0.203299055438912	0.00421788966975673	0.160772201373582	0.231421450447746	0.0706492490741647
0.246282500717424	0.00504009510038118	0.213465450274872	0.245437323188152	0.0319718729132797
0.228643762567207	0.00511318487413727	0.156573133785999	0.178009478066345	0.0214363442803455
0.0951818943085608	0.0000786615634020526	0.0173173966451589	0.0000386595051667844	-0.0172787371399922
0.325869211709431	0.0058554244483151	0.477480433085215	0.331056844416744	-0.146423588668471
0.329931354673836	0.00420633514786109	0.263121542323268	0.13045972454615	-0.132661817777118
0.357355679266791	0.00555214476329665	0.72968425213064	0.271088203234938	-0.458596048895701
0.0595397877392208	0.00105677141105934	0.0182528021468278	0.0205787051237158	0.00232590297688797
0.258026002031862	0.00487337935568376	0.144083455553165	0.152470812976933	0.00838735742376803
0.287675192226792	0.00518531172546282	0.570973876532829	0.313907585518503	-0.257066291014327
0.458449070804559	0.00716761774047987	0.548233437375058	0.35289249421684	-0.195340943158218
0.216714014042273	0.00202325853077961	0.159776713300561	0.0426400555446939	-0.117136657755867
0.543467409014854	0.00914294573015069	0.353862621749971	0.234931485058358	-0.118931136691613
0.532350643706609	0.0107048320141514	0.474401068708889	0.457735707848083	-0.0166653608608059
0.0956356568589826	0.0017488771302147	0.0352525975724388	0.028072570727816	-0.0071800268446228
0.410587611235948	0.00813176129827526	0.460330754989065	0.420474474528429	-0.0398562804606361
0.45643201535401	0.00871276741670632	0.347806990861149	0.345535186548664	-0.00227180431248569
0.2267030072019	0.00440882064211983	0.152422384347048	0.166377107843412	0.0139547234963638
0.272262424192691	0.00671460321364916	0.179146411499781	0.231609252566012	0.0524628410662311
0.169519492866542	0.00355096434362786	0.0629110608516909	0.072447852652126	0.00953679180043511
0.205512425829247	0.00337325530016317	0.0271402170780602	0.0240822096151199	-0.00305800746294026
0.411730807170089	0.00700457085774744	0.573260957959234	0.440536076883774	-0.13272488107546
0.742662107165122	0.0128431072769083	0.632117567918354	0.459158607192561	-0.172958960725793
0.253939159458204	0.00554976426198919	0.0630191665679134	0.0920997634904639	0.0290805969225506
0.205016294734511	0.0038565684893178	0.112754797957632	0.0983092184943279	-0.0144455794633039
0.288165709335759	0.0028003050220751	0.179372333072955	0.0522186183100038	-0.127153714762951
0.318677493092491	0.00702961030401908	0.345777667103719	0.424181630443953	0.0784039633402337
0.337823212762906	0.00668132986697914	0.194656666488565	0.244418785504602	0.0497621190160374
0.512546259455603	0.0059834520526047	0.236034445797476	0.10669746084066	-0.129336984956816
0.465287785152358	0.00808814560810053	0.474044921078902	0.333281623678624	-0.140763297400278
0.179382993457596	0.0015590856311847	0.0586173811693954	0.0101385536289982	-0.0484788275403972
0.527047809155911	0.00862209084267291	0.366630750289874	0.246384961539263	-0.120245788750611
0.257420569318673	0.00570411132748185	0.297651367200353	0.43206399538543	0.134412628185078
0.288293723783326	0.00511796260886651	0.0828206745148953	0.060845705871171	-0.0219749686437243
0.28465415537388	0.00345944289988878	0.11248343066316	0.0585880604910458	-0.0538953701721138
0.125700427714017	0.000625345755984713	0.065873302570368	0.00320611945573831	-0.0626671831146297
0.292531297135728	0.00424241727819704	0.389610179216604	0.161031731131476	-0.228578448085128
0.459422156617499	0.00792762204685454	0.43399152296117	0.405109174623988	-0.0288823483371822
0.250925461615483	0.00245201615057391	0.274639844389712	0.0691372431544358	-0.205502601235276
0.218539362889769	0.00341316136216113	0.11329977928515	0.0824681329479132	-0.0308316463372371
0.379183007871704	0.00758275460985064	0.45503270320628	0.36344526332277	-0.0915874398835105
0.312295425742977	0.00577335873181759	0.278578059648626	0.291460479303058	0.0128824196544319
0.187279851952955	0.00314672551683503	0.248456006330683	0.185518104903079	-0.0629379014276044
0.386742593527444	0.00808096147359735	0.559847042504585	0.427412317812512	-0.132434724692073
0.0816354334142884	0.000201363321881706	0.0372522299117817	0.000589805820937634	-0.0366624240908441
0.205162809255206	0.00414114375811073	0.127003939374187	0.12583361120523	-0.00117032816895646
0.534877697540481	0.00640150770555019	0.475234948018741	0.117002088737016	-0.358232859281724
0.524443344329959	0.00873076320346071	0.315890628503158	0.263367365634162	-0.0525232628689959
0.182624165442694	0.00311308593038325	0.293236689272095	0.24132932234864	-0.0519073669234547
0.46536389790376	0.0095415402964176	0.704730259953136	0.521328148298431	-0.183402111654705
0.21080898835795	0.00476753545236876	0.117591289382853	0.14852634283615	0.0309350534532975
0.351155648161095	0.0056974131133392	0.286401072327671	0.213845065455212	-0.0725560068724586
0.327571675694138	0.00468271868619669	0.533307636713373	0.246494669959507	-0.286812966753865
0.233200568765292	0.00310560953448332	0.133963699615823	0.0800173014307619	-0.0539463981850609
0.482422767048615	0.00887699351143552	0.534947914747182	0.502941419648271	-0.0320064950989108
0.116453351562414	0.0027496539129652	0.0207045032528459	0.0386702707114581	0.0179657674586122
0.315935447005173	0.0058872198146714	0.169484117342249	0.154332636159672	-0.0151514811825766
0.512148254079097	0.00778647256818635	0.117654359147752	0.0629535208986954	-0.0547008382490563
0.38496430993838	0.00744835436171157	0.158953400262828	0.185479368813379	0.0265259685505508
0.0745262257121674	0.00178228541346677	0.0336399952140643	0.0572746056013122	0.0236346103872479
0.208847155635344	0.00317234547334726	0.450123714677371	0.304615472494256	-0.145508242183115
0.091711883034598	0.00177996072060639	0.0182531492605099	0.0230053282784114	0.00475217901790147
0.266412811878833	0.00490442357154398	0.148019450137879	0.190818897380293	0.0427994472424138
0.150080250375363	0.00325251008664844	0.0932652839737941	0.0977033995913967	0.00443811561760253
0.797757940743428	0.0124136193043696	0.585990322100777	0.314912387022225	-0.271077935078552
0.179726118098721	0.00338324385637734	0.162659229382207	0.0921188808235194	-0.0705403485586876
0.139250232655665	0.00216313748435742	0.129568073407926	0.100266162153464	-0.0293019112544619
0.349366857097869	0.00378218357045309	0.43853509312949	0.126716047122124	-0.311819046007366
0.548151276506386	0.0103080444471522	0.308077163963569	0.308004426112827	-0.0000727378507423548
0.205476477101373	0.00489440948888669	0.0815720134127531	0.126532130392488	0.0449601169797351
0.284496549234635	0.00566121417742061	0.144164848573463	0.121308140179538	-0.0228567083939246
0.444600130039371	0.00990207571207921	0.105055517649688	0.136970038328065	0.0319145206783768
0.297562065011571	0.00595513795975031	0.270657402677992	0.330164877996155	0.0595074753181631
0.185649911898132	0.00314543287636739	0.227488978116421	0.203722123654911	-0.0237668544615099
0.0695383293671997	0.0012915244940665	0.0108048581581946	0.0119103315473408	0.00110547338914621
0.272103874215064	0.00281230161979802	0.245951519491312	0.0731364630373025	-0.172815056454009
0.179020812311324	0.00506480478162459	0.0687441199386095	0.13530368901257	0.0665595690739606
0.292483304093323	0.00634210689758145	0.310364118465681	0.307107435038183	-0.0032566834274978
0.0723397597188497	0.000893733696513727	0.023930926219807	0.0119231039625811	-0.0120078222572259
0.452441005660505	0.00937805453648349	0.11312837263029	0.150258123410309	0.0371297507800186
0.200560304435114	0.00425406621764254	0.208301946091325	0.218932606071571	0.0106306599802465
0.256869819384707	0.00355743849795028	0.11461938815483	0.0673297612088005	-0.047289626946029
0.207897321498185	0.0024749469489813	0.13102481403694	0.0642314471600745	-0.0667933668768654
0.33624397018646	0.00454271040649263	0.401306824480411	0.184320385784583	-0.216986438695827
0.589060614184412	0.00858555826742023	0.448338841216864	0.211899773112322	-0.236439068104542
0.146729605269791	0.00126694863359691	0.0438009509916143	0.00935738396145244	-0.0344435670301619
0.291677921082665	0.00341117817579732	0.217103056643822	0.0902502619253397	-0.126852794718483
0.257026795131185	0.00591912576986391	0.155204793592837	0.213705130264952	0.0585003366721151
