Univariate_LR_coefficients_null_raster	Univariate_LR_coefficients_Shrubs_C	Univariate_LR_R2_null_raster	Univariate_LR_R2_Shrubs_C	Univariate_LR_delta_R2_Shrubs_C
0.222819522244156	0.140740168327673	0.225790609005007	0.0718902567728136	-0.153900352232194
0.30323869358435	0.279302131370985	0.251825580364646	0.155427745927682	-0.0963978344369638
0.205667273279815	0.197981568321098	0.348586858615999	0.237823437282356	-0.110763421333643
0.198107318385253	0.186962481194953	0.343317142018877	0.225848053870561	-0.117469088148316
0.266017256220056	0.231715824109236	0.373164257482372	0.207298357061796	-0.165865900420575
0.223004802734047	0.220184431499287	0.452085105192932	0.31257148008691	-0.139513625106021
0.325693178625149	0.302988594173275	0.469895501528423	0.251457444063163	-0.21843805746526
0.312788566151232	0.294520410626116	0.400137607691373	0.246855974416554	-0.153281633274819
0.263360018296483	0.263831100601926	0.388001255005143	0.278388646474283	-0.10961260853086
0.253337589858094	0.146055381487788	0.305782178200249	0.0748482616641685	-0.23093391653608
0.276411448712494	0.232621397985583	0.300161468778702	0.158224756469521	-0.141936712309181
0.163793104152798	0.143879696331067	0.340544575615153	0.197346927416191	-0.143197648198962
0.21068708672015	0.170491356424939	0.382997249662793	0.194648511793627	-0.188348737869166
0.205096837255184	0.166919206588748	0.161117493075028	0.0761166608385954	-0.0850008322364329
0.201199870827006	0.196242671514646	0.394514784874963	0.258689398804565	-0.135825386070399
0.260538936296584	0.254372020802092	0.353927097924863	0.26168558943701	-0.092241508487853
0.190867574689895	0.144056852794071	0.333128451153511	0.14946718898776	-0.18366126216575
0.180410147012328	0.158068096582607	0.219906921992264	0.13962443776707	-0.0802824842251936
0.255426355962294	0.206759882535534	0.298627472054518	0.149264512034833	-0.149362960019685
0.197287392065138	0.172941926808358	0.225581198976633	0.138401226980252	-0.0871799719963818
0.201639024924044	0.173597999172304	0.338053924833599	0.19670839191552	-0.141345532918079
0.180680129653145	0.149924081498432	0.222518713436317	0.124552295320872	-0.0979664181154454
0.246080598351616	0.21618174358068	0.472562044388236	0.248744847859029	-0.223817196529207
0.200178833629194	0.164821343872637	0.235506045078312	0.128918466679688	-0.106587578398624
0.269880938946026	0.223119680838163	0.383265300094942	0.201235390735091	-0.182029909359851
0.180139242829934	0.132519042372178	0.171586484100425	0.0766536764023055	-0.0949328076981191
0.243953345727508	0.169043867466591	0.291358036734729	0.106184209407011	-0.185173827327718
0.247983374684704	0.176676924786302	0.271182892971096	0.109114407194863	-0.162068485776234
0.25902912312164	0.198663070323073	0.385862743673191	0.168801512347047	-0.217061231326144
0.258190676386045	0.238904698996587	0.303776104195299	0.206534400365147	-0.0972417038301518
0.209824007476643	0.183988268895712	0.279499323142856	0.156889596078687	-0.12260972706417
0.211241343695487	0.22623083266337	0.383919859059414	0.302088014540024	-0.0818318445193899
0.244995465934506	0.156593525524163	0.342221800463975	0.100351744591397	-0.241870055872578
0.212406899088952	0.187714878056825	0.324653368016391	0.190875884317572	-0.133777483698819
0.296152762230786	0.255450699802737	0.412730472893574	0.22406834571411	-0.188662127179464
0.206031280547657	0.168290064155951	0.286827253460397	0.159940939483522	-0.126886313976875
0.192919142990522	0.174331008630112	0.340349651115775	0.20683849309833	-0.133511158017445
0.217268529894743	0.183150772372435	0.368799706554374	0.191635611763854	-0.17716409479052
0.268961936374793	0.203144641428743	0.364476340200711	0.148935653302081	-0.21554068689863
0.202543594000953	0.166409108593861	0.236151733613559	0.125667652183487	-0.110484081430072
0.232028090770477	0.194544456944099	0.24092683226158	0.126712448653223	-0.114214383608357
0.256829553013413	0.230911387081965	0.279460861486918	0.169784472591228	-0.10967638889569
0.211465873314549	0.154918340012455	0.307188606072213	0.11688462702746	-0.190303979044753
0.193986060572579	0.136122684420577	0.233934824560764	0.0972248550647887	-0.136709969495975
0.217372388602555	0.169045934052504	0.315237320301329	0.152280029037432	-0.162957291263897
0.179934712193924	0.165677651892701	0.224288964474718	0.148458252958189	-0.0758307115165291
0.166129126384747	0.145532977720075	0.177367080306322	0.0953906816318188	-0.0819763986745031
0.183414410032738	0.157018813594039	0.357109990525493	0.216574258659401	-0.140535731866093
0.214642925419474	0.169500828987066	0.284415416435326	0.147358870765873	-0.137056545669453
0.235765476889799	0.234846912888356	0.538974373576413	0.378948100064584	-0.160026273511829
0.209944538291596	0.18515072516909	0.406956290819143	0.249407523218663	-0.157548767600481
0.233337623005543	0.189856292189731	0.333720817413073	0.161484429391339	-0.172236388021733
0.281084677191373	0.248096729027355	0.46488923643515	0.231012869484721	-0.233876366950429
0.37487579716325	0.298492162875839	0.429879352186057	0.200778467140958	-0.229100885045099
0.263748099475411	0.246411539896938	0.339247272064378	0.22473146549237	-0.114515806572009
0.220981228671124	0.177633078923873	0.216842294720352	0.106722194289793	-0.110120100430559
0.22024732656777	0.19607987543358	0.331950054504101	0.212015036653199	-0.119935017850902
0.239251232648356	0.233361931649575	0.373276718942098	0.251860837684734	-0.121415881257365
0.229548574240751	0.220438779865595	0.379035292163742	0.247829640696962	-0.131205651466781
0.268206167264813	0.219961136853258	0.381251202024942	0.194240233999199	-0.187010968025743
0.2848875578817	0.211771528502406	0.291753496388956	0.126723698478089	-0.165029797910867
0.167877490337337	0.154366320787444	0.285655277571106	0.17070488575178	-0.114950391819326
0.320386189329167	0.247338608825069	0.31513640709585	0.127440546114301	-0.187695860981549
0.187798072898109	0.161466983452855	0.35037866682321	0.193093795717575	-0.157284871105635
0.240182755564461	0.187402999681463	0.405881069958382	0.184523718765534	-0.221357351192848
0.237115674083162	0.219936827676591	0.374696809338991	0.226629208441669	-0.148067600897322
0.146454929562371	0.121045086233378	0.197883217055999	0.107068537180604	-0.0908146798753952
0.204459721141792	0.147522895051128	0.264640227175977	0.101347890387217	-0.16329233678876
0.176855149231057	0.131432406366271	0.176388633541358	0.0748975873326908	-0.101491046208668
0.177930168023543	0.140149890770676	0.217822114114552	0.103392960863994	-0.114429153250559
0.184740446488914	0.154801517900541	0.290424205338617	0.143243148011559	-0.147181057327058
0.218383892309887	0.189625782239645	0.36905611801325	0.225730284895843	-0.143325833117407
0.331058115474386	0.296367027976327	0.305403533804577	0.161393015176576	-0.144010518628001
0.226509123719329	0.203184873227505	0.296148230478894	0.185256711242698	-0.110891519236196
0.256569911503551	0.216889891796379	0.400870862865342	0.223627935197893	-0.177242927667449
0.215572864145086	0.17938409286362	0.375663066856621	0.222656416993301	-0.15300664986332
0.265001766795531	0.234764314280865	0.416688327579464	0.250447067973625	-0.166241259605839
0.212695326546727	0.179510078243971	0.30772664342743	0.15483680948542	-0.15288983394201
0.223156575126236	0.201943484506929	0.510665076616354	0.227759151905021	-0.282905924711333
0.217057209772791	0.174821171996731	0.335122734599639	0.158334754883126	-0.176787979716514
0.218660779852592	0.188955610089041	0.322847896914338	0.182654781456579	-0.14019311545776
0.275818064093814	0.17807705619869	0.240004119704913	0.0736282447700352	-0.166375874934878
0.244070408196603	0.152548616051512	0.279615339155121	0.085746982482595	-0.193868356672526
0.182109855758879	0.170983150845602	0.307519095655317	0.194167100401636	-0.113351995253681
0.181152648543087	0.144603514941958	0.286809759606973	0.151447620950662	-0.135362138656311
0.246498786766735	0.225065888357759	0.349650740465462	0.225610427225247	-0.124040313240214
0.219743240129023	0.218426882169164	0.391451138493332	0.261644420734567	-0.129806717758765
0.189692625288812	0.148751793329651	0.272504010882626	0.132706120039963	-0.139797890842663
0.260599408411358	0.188251423630231	0.313878215861824	0.130820507282065	-0.183057708579759
0.16906711314208	0.162890477537717	0.403680516064048	0.272541101739716	-0.131139414324332
0.196138361639848	0.175229174326067	0.365216662922906	0.20333228553261	-0.161884377390297
0.199510880302591	0.144434181663573	0.162701380267353	0.0662408248112702	-0.0964605554560827
0.17108605712449	0.14091126537219	0.263788154726978	0.135025076930664	-0.128763077796314
0.225725933895176	0.203210882476469	0.315847562688074	0.201610240322646	-0.114237322365428
0.222295271800955	0.1696440495667	0.331926744610458	0.14247461810889	-0.189452126501568
0.261051242924666	0.207342092591073	0.41266284847157	0.185774745141517	-0.226888103330052
0.228167162972808	0.193597669185133	0.405739620601347	0.215626797417332	-0.190112823184015
0.236507440578315	0.204350879915357	0.381168339506244	0.195500578838387	-0.185667760667857
0.21021384109126	0.188529797432241	0.271693212493876	0.162891307870518	-0.108801904623358
0.237234984589285	0.217597195874106	0.369376270419768	0.224924134930609	-0.144452135489159
