Univariate_LR_coefficients_null_raster	Univariate_LR_coefficients_gsecd_R	Univariate_LR_R2_null_raster	Univariate_LR_R2_gsecd_R	Univariate_LR_delta_R2_gsecd_R
0.222819522244156	0.177438034918139	0.225790609005007	0.245889188706995	0.0200985797019882
0.30323869358435	0.233815874260826	0.251825580364646	0.277802945766679	0.0259773654020328
0.205667273279815	0.163219641121603	0.348586858615999	0.40384124262269	0.0552543840066911
0.198107318385253	0.148884293973539	0.343317142018877	0.35677415825935	0.0134570162404727
0.266017256220056	0.201035885858809	0.373164257482372	0.398077447979608	0.0249131904972369
0.223004802734047	0.161946646657557	0.452085105192932	0.468286604457459	0.0162014992645277
0.325693178625149	0.239064325261407	0.469895501528423	0.473562412245077	0.00366691071665393
0.312788566151232	0.231076408660506	0.400137607691373	0.410240890377337	0.0101032826859646
0.263360018296483	0.201356476827505	0.388001255005143	0.419396192335397	0.0313949373302539
0.253337589858094	0.191886159655874	0.305782178200249	0.318958666577075	0.0131764883768263
0.276411448712494	0.195204481294513	0.300161468778702	0.28070408995002	-0.0194573788286819
0.163793104152798	0.123411000947899	0.340544575615153	0.365106885631815	0.024562310016662
0.21068708672015	0.160087840165052	0.382997249662793	0.40538301329179	0.0223857636289973
0.205096837255184	0.16380182825644	0.161117493075028	0.181918005069344	0.0208005119943159
0.201199870827006	0.149932608691291	0.394514784874963	0.418726251561168	0.024211466686205
0.260538936296584	0.203031335374342	0.353927097924863	0.393975114109046	0.0400480161841831
0.190867574689895	0.149496470934527	0.333128451153511	0.371406538156369	0.0382780870028578
0.180410147012328	0.140272730600986	0.219906921992264	0.23771666648606	0.0178097444937966
0.255426355962294	0.197046273874617	0.298627472054518	0.337981548002469	0.0393540759479513
0.197287392065138	0.150133236270812	0.225581198976633	0.231670841926031	0.00608964294939762
0.201639024924044	0.151816346236516	0.338053924833599	0.361031718798176	0.0229777939645777
0.180680129653145	0.134866842074415	0.222518713436317	0.228431953246033	0.00591323980971606
0.246080598351616	0.180427422486422	0.472562044388236	0.484474530032652	0.0119124856444162
0.200178833629194	0.149951528772134	0.235506045078312	0.257341274109414	0.0218352290311015
0.269880938946026	0.205534585263853	0.383265300094942	0.394149518890349	0.0108842187954066
0.180139242829934	0.146917420511169	0.171586484100425	0.202094049818692	0.0305075657182674
0.243953345727508	0.185399523137949	0.291358036734729	0.311445109277952	0.0200870725432226
0.247983374684704	0.192731105471548	0.271182892971096	0.292264802976788	0.0210819100056917
0.25902912312164	0.200471232048027	0.385862743673191	0.428250737664991	0.0423879939918
0.258190676386045	0.189485801495858	0.303776104195299	0.308515377050496	0.00473927285519748
0.209824007476643	0.160165924935343	0.279499323142856	0.308293029057287	0.0287937059144305
0.211241343695487	0.146501923804038	0.383919859059414	0.379091566307394	-0.00482829275202007
0.244995465934506	0.18488733426681	0.342221800463975	0.376257181248987	0.0340353807850123
0.212406899088952	0.156750252448629	0.324653368016391	0.337817686025898	0.0131643180095067
0.296152762230786	0.232192455003577	0.412730472893574	0.423213513970958	0.0104830410773843
0.206031280547657	0.156578273643841	0.286827253460397	0.307246091823276	0.0204188383628788
0.192919142990522	0.14151566593956	0.340349651115775	0.357169540528382	0.016819889412607
0.217268529894743	0.165821036534181	0.368799706554374	0.403916011516814	0.0351163049624394
0.268961936374793	0.192932661036679	0.364476340200711	0.370444470330034	0.00596813012932301
0.202543594000953	0.161039121749648	0.236151733613559	0.25088510018666	0.0147333665731008
0.232028090770477	0.177077428729639	0.24092683226158	0.258231085743387	0.0173042534818068
0.256829553013413	0.195388744456098	0.279460861486918	0.300369778731643	0.0209089172447252
0.211465873314549	0.169205160248327	0.307188606072213	0.348313951090132	0.0411253450179188
0.193986060572579	0.14873583691425	0.233934824560764	0.260376425465917	0.0264416009051538
0.217372388602555	0.169955563593481	0.315237320301329	0.361993794754162	0.0467564744528338
0.179934712193924	0.13398218150246	0.224288964474718	0.23517804617008	0.0108890816953619
0.166129126384747	0.125007754810535	0.177367080306322	0.182732265324386	0.00536518501806438
0.183414410032738	0.146161378408841	0.357109990525493	0.373279249767066	0.0161692592415725
0.214642925419474	0.171077728535239	0.284415416435326	0.335057457019492	0.0506420405841655
0.235765476889799	0.174409833278659	0.538974373576413	0.570961493070132	0.0319871194937194
0.209944538291596	0.159538115616543	0.406956290819143	0.449049586194301	0.0420932953751577
0.233337623005543	0.177337830890429	0.333720817413073	0.367610920200475	0.033890102787402
0.281084677191373	0.212857984902793	0.46488923643515	0.51237990496868	0.0474906685335304
0.37487579716325	0.280963056724382	0.429879352186057	0.455321497834317	0.0254421456482594
0.263748099475411	0.208045584224327	0.339247272064378	0.38082702302252	0.0415797509581418
0.220981228671124	0.16801987078814	0.216842294720352	0.243227181202166	0.0263848864818135
0.22024732656777	0.167403434191102	0.331950054504101	0.333198897332881	0.00124884282878002
0.239251232648356	0.186278619290939	0.373276718942098	0.39931303810404	0.0260363191619419
0.229548574240751	0.17233208563686	0.379035292163742	0.400265402540016	0.0212301103762734
0.268206167264813	0.207198852448202	0.381251202024942	0.410080307566212	0.0288291055412696
0.2848875578817	0.224687553727978	0.291753496388956	0.341855872420596	0.0501023760316401
0.167877490337337	0.134340357537061	0.285655277571106	0.329753399671998	0.0440981221008919
0.320386189329167	0.236926164166089	0.31513640709585	0.334622187227928	0.0194857801320785
0.187798072898109	0.146223016550699	0.35037866682321	0.379197590409084	0.0288189235858743
0.240182755564461	0.181598584893767	0.405881069958382	0.422920372974288	0.017039303015906
0.237115674083162	0.183939380345152	0.374696809338991	0.426231481892876	0.0515346725538852
0.146454929562371	0.109391156830413	0.197883217055999	0.216116892564329	0.0182336755083301
0.204459721141792	0.159645542832115	0.264640227175977	0.298145429076148	0.0335052019001715
0.176855149231057	0.141296227668154	0.176388633541358	0.200207222839866	0.0238185892985071
0.177930168023543	0.140281322039888	0.217822114114552	0.224814579311004	0.00699246519645119
0.184740446488914	0.14180429077506	0.290424205338617	0.317204836044791	0.0267806307061747
0.218383892309887	0.163080725501173	0.36905611801325	0.388042424886865	0.0189863068736156
0.331058115474386	0.245631595183298	0.305403533804577	0.33130618353928	0.0259026497347031
0.226509123719329	0.172483377342951	0.296148230478894	0.334583189617586	0.0384349591386918
0.256569911503551	0.19258511990337	0.400870862865342	0.438415403634175	0.0375445407688337
0.215572864145086	0.15975624048553	0.375663066856621	0.398138704176575	0.0224756373199537
0.265001766795531	0.200688362872424	0.416688327579464	0.449711879083594	0.0330235515041301
0.212695326546727	0.160076345373691	0.30772664342743	0.334115940471024	0.0263892970435938
0.223156575126236	0.163404604949764	0.510665076616354	0.530942733259611	0.0202776566432568
0.217057209772791	0.16637110299091	0.335122734599639	0.339057462881273	0.00393472828163333
0.218660779852592	0.16495912823087	0.322847896914338	0.32980489659338	0.0069569996790414
0.275818064093814	0.215171605080713	0.240004119704913	0.269545208061688	0.029541088356775
0.244070408196603	0.187441755928591	0.279615339155121	0.304172545624474	0.0245572064693529
0.182109855758879	0.132885383213467	0.307519095655317	0.339526365711987	0.0320072700566705
0.181152648543087	0.136007658011572	0.286809759606973	0.285856306444767	-0.000953453162205686
0.246498786766735	0.183952257459371	0.349650740465462	0.375745334805474	0.0260945943400128
0.219743240129023	0.166478437228243	0.391451138493332	0.425887760875748	0.0344366223824166
0.189692625288812	0.143670594473574	0.272504010882626	0.300855164389092	0.0283511535064663
0.260599408411358	0.196641168857455	0.313878215861824	0.340485034750339	0.0266068188885157
0.16906711314208	0.131755041379652	0.403680516064048	0.437007055403116	0.0333265393390679
0.196138361639848	0.149463733670919	0.365216662922906	0.390036388519726	0.0248197255968197
0.199510880302591	0.151303656554056	0.162701380267353	0.176474998364075	0.0137736180967222
0.17108605712449	0.141344651255716	0.263788154726978	0.311434529568451	0.0476463748414727
0.225725933895176	0.160665275344805	0.315847562688074	0.308844848014929	-0.00700271467314512
0.222295271800955	0.172969712259419	0.331926744610458	0.380397838855786	0.0484710942453275
0.261051242924666	0.194901484896909	0.41266284847157	0.440133724801613	0.0274708763300437
0.228167162972808	0.178387881025459	0.405739620601347	0.449159942357705	0.0434203217563573
0.236507440578315	0.180719818951555	0.381168339506244	0.422995987568132	0.0418276480618884
0.21021384109126	0.169462848300281	0.271693212493876	0.300984977700919	0.0292917652070436
0.237234984589285	0.182456226297714	0.369376270419768	0.399631581999524	0.0302553115797566
