Univariate_LR_coefficients_null_raster	Univariate_LR_coefficients_GDP_C	Univariate_LR_R2_null_raster	Univariate_LR_R2_GDP_C	Univariate_LR_delta_R2_GDP_C
0.149288391833737	13270925.0314725	0.38750095108383	0.230234807569808	-0.157266143514023
0.143565140668114	10658981.0899028	0.422990523752405	0.227709559526236	-0.195280964226169
0.150132237850019	11174387.2330615	0.330987636129849	0.148881345845987	-0.182106290283861
0.148278130952505	12644819.378306	0.390775510220833	0.212317034541082	-0.178458475679751
0.136401569212955	12035346.5928014	0.357528677260502	0.216935485253266	-0.140593192007236
0.142400007698675	11897524.672651	0.344323554655852	0.201066148942728	-0.143257405713124
0.154520460036645	12892695.8834636	0.294610580905592	0.154056317631576	-0.140554263274016
0.118731900775531	9068420.01214378	0.414342897458967	0.163132840079049	-0.251210057379917
0.173506319134088	15751039.6796898	0.381396564069904	0.250363498530224	-0.13103306553968
0.140972515347768	12757172.3518368	0.457758620280468	0.214060053638975	-0.243698566641494
0.121754163115788	8661111.22633231	0.290788365576295	0.120276122775622	-0.170512242800673
0.185293063068186	13855445.4439786	0.449509522926455	0.206483367839232	-0.243026155087222
0.16958563091414	13810953.2028348	0.380483125026662	0.205130011325128	-0.175353113701535
0.133179655123498	9898865.28266327	0.352158333743793	0.142601673821882	-0.209556659921911
0.133967017789341	11216325.7854564	0.420976909546387	0.223788426555784	-0.197188482990604
0.134100123371274	12146496.1308205	0.388420795493179	0.24399631536697	-0.144424480126209
0.121748830569631	11290664.5105858	0.35379141326986	0.151458768978379	-0.202332644291481
0.122420030009725	11543107.5848641	0.471212615187751	0.211019782380835	-0.260192832806917
0.129892247565494	9699782.85091831	0.374379865757091	0.123814513455467	-0.250565352301624
0.0930757512279394	6557646.44642617	0.237241136449585	0.0958915750753779	-0.141349561374207
0.14813790410505	14278665.9693892	0.444939079400201	0.273358440341735	-0.171580639058466
0.133802533498321	11715968.9837276	0.455815724520116	0.225171725900668	-0.230643998619448
0.142305594922317	12131252.9362362	0.330458400866036	0.18835988397623	-0.142098516889806
0.0887228017934336	8727606.54784139	0.266479568252722	0.14578678239929	-0.120692785853432
0.124371165186961	10533910.1910997	0.379994933594854	0.183391661290168	-0.196603272304686
0.115314910707885	10803666.9782673	0.408539944472711	0.201200652654902	-0.207339291817809
0.164480358950396	13558933.5233023	0.478409500929005	0.22810637344905	-0.250303127479955
0.131927606879239	10167162.9906737	0.312583252273957	0.139115146341201	-0.173468105932756
0.163364605779724	13937267.8563645	0.397965093440934	0.219550325678616	-0.178414767762318
0.128488066173242	12520792.5393526	0.308694803993136	0.229564878769642	-0.0791299252234942
0.109899884083127	9334694.6427105	0.261731792042296	0.12109726747066	-0.140634524571635
0.139782172883468	14870257.260052	0.399832542574561	0.289073224040242	-0.110759318534318
0.151917185130587	10254891.5243531	0.43489317554276	0.158701346355543	-0.276191829187218
0.127856798627124	9876626.58017088	0.365238887670024	0.185512783449361	-0.179726104220664
0.127385026029576	9057585.35765549	0.420539473938722	0.149792421663063	-0.270747052275659
0.135787786153781	12586134.5940983	0.476262426393731	0.269024400565159	-0.207238025828571
0.141633991420641	10642595.6827736	0.564210955983479	0.21348656789683	-0.350724388086649
0.129607834256173	9829582.87614122	0.409368574888041	0.18156935690292	-0.227799217985121
0.132944270932632	12743854.4264738	0.432055155531017	0.264668264581602	-0.167386890949415
0.104609805229639	7470064.65510882	0.28731324429355	0.0919986867832703	-0.195314557510279
0.194696156329604	24644794.3381638	0.347063920800137	0.241707141547612	-0.105356779252525
0.125582901738989	12299131.4286046	0.325810898955677	0.201409954205705	-0.124400944749972
0.108446766270481	8463498.24705759	0.345648221153302	0.160720349722934	-0.184927871430368
0.109533638910539	11996007.0721039	0.344919096770973	0.207427237378565	-0.137491859392409
0.101019909898652	6718490.22689262	0.304323978603936	0.0998789736157032	-0.204445004988233
0.101271374835581	9750942.70679949	0.342399613724819	0.126723123219797	-0.215676490505022
0.16167411389264	17413545.4480196	0.3885753279518	0.352683509054547	-0.035891818897253
0.165683645034129	14373002.6106865	0.367353503040451	0.211592946847225	-0.155760556193227
0.110942654879379	9013525.00799925	0.275471378068811	0.138352517906508	-0.137118860162303
0.11413279946993	8958292.52473669	0.354463279699986	0.174428840077167	-0.180034439622819
0.167150258214366	15797453.7459645	0.448748873696486	0.280048014220453	-0.168700859476034
0.134538909177353	12447575.2432118	0.398434881653583	0.247883956152646	-0.150550925500937
0.169519310061723	29280011.0640704	0.409593612986219	0.364870531626368	-0.044723081359851
0.129699280221307	12268307.68498	0.344560824373908	0.162311188632468	-0.18224963574144
0.178409181815698	15698010.1685509	0.509091357741673	0.325448195753546	-0.183643161988127
0.144389546158218	12095637.834555	0.426240087968681	0.174125821764039	-0.252114266204642
0.115092081599442	9640950.58892192	0.438469724867065	0.152346412017044	-0.286123312850021
0.117553718209342	11395357.3473416	0.408232609205974	0.252868563171036	-0.155364046034938
0.0867008690427266	5939514.69339069	0.255909997458965	0.0856891207694928	-0.170220876689472
0.135108104602073	10962971.9291621	0.378987912988676	0.144302807210978	-0.234685105777698
0.148353431941047	12579003.4968919	0.443471319751828	0.20929265715059	-0.234178662601238
0.133060636348565	11166910.0575616	0.382061752010204	0.188690055578664	-0.19337169643154
0.116306417155587	11038206.4470152	0.343461800556391	0.203588835005791	-0.1398729655506
0.181309581408449	16391043.8533831	0.496973646922126	0.288296273262027	-0.208677373660099
0.166614157588502	12988945.7676191	0.427966960489965	0.234218183641243	-0.193748776848721
0.11217115866292	10998531.9471892	0.40619987914513	0.235970153115951	-0.170229726029179
0.151833001313039	10509639.283657	0.340274846088486	0.108856796028539	-0.231418050059947
0.136403500858624	14207455.2653896	0.348641642649928	0.233498635024237	-0.115143007625691
0.124280591984046	9450110.34468487	0.336235478912367	0.15016458427286	-0.186070894639507
0.133658570275105	5847722.71504973	0.338975152182006	0.0537095401672357	-0.28526561201477
0.122309859023104	8070235.18245961	0.318009561510396	0.102964779352014	-0.215044782158382
0.120594164190763	7248632.89828117	0.337110155902211	0.0752807235432825	-0.261829432358929
0.10988246395864	7721922.09665304	0.326260303655521	0.101458393872994	-0.224801909782527
0.181431125387418	14711017.7634581	0.474818025108958	0.226165044345794	-0.248652980763164
0.126464293363937	8415421.02081957	0.343526096858037	0.131908288775206	-0.211617808082831
0.124021955971828	10561292.6357992	0.406529202316523	0.163994826564961	-0.242534375751562
0.148108423294679	20909003.5322466	0.429185476535025	0.293685745378529	-0.135499731156496
0.131053557451559	10274763.1245082	0.525473678779346	0.202542049160174	-0.322931629619172
0.112173518597445	10681710.988676	0.331096656576973	0.180231340910525	-0.150865315666449
0.121186606515327	8778757.08445418	0.381437265448479	0.150465913466087	-0.230971351982392
0.138685400897895	11923837.9894306	0.392712456250276	0.208470112805341	-0.184242343444934
0.132024449623663	9200743.19437684	0.325445237787266	0.135025982159156	-0.19041925562811
0.113625817065911	9775661.5194927	0.332670855908199	0.170968138491317	-0.161702717416882
0.12501055948187	12058998.4705947	0.409708474576891	0.196919469162913	-0.212789005413977
0.139233850957772	13826262.4805999	0.442967889843031	0.280067863194052	-0.162900026648978
0.127589206721079	11943985.9096889	0.385290629182971	0.229189329178011	-0.15610130000496
0.137800698400502	11124926.5016006	0.4375015323781	0.213988536569668	-0.223512995808432
0.155315213129564	12410688.6810682	0.498118640674109	0.202915856467509	-0.295202784206599
0.152445185199669	11130659.2977464	0.493640084198474	0.180692993903175	-0.312947090295299
0.116582560003466	11494263.0416066	0.417031646838128	0.208585344218721	-0.208446302619408
0.127958896704205	10096058.8962513	0.359036306361122	0.174654621606891	-0.18438168475423
0.112853472383674	8278882.26476609	0.430738219415419	0.131870894614457	-0.298867324800962
0.135476171534611	12515997.5881534	0.379699593699088	0.165830776278088	-0.213868817421
0.128509597102329	10968683.4360596	0.451686968572446	0.1893107314423	-0.262376237130146
0.130340435279284	11628883.6085649	0.33795476752737	0.15871439592861	-0.17924037159876
0.122844059939147	11558532.7735102	0.401227224872315	0.248218022454725	-0.15300920241759
0.146437519152071	15239510.0779898	0.323240179001803	0.230156292533371	-0.0930838864684322
0.135341960705121	10509474.7889908	0.354682132901557	0.133717568311382	-0.220964564590175
0.136406630473655	12808546.3088712	0.408736759287579	0.202415958703618	-0.20632080058396
0.142793317506704	12587565.8449639	0.434057314961103	0.207703384873737	-0.226353930087366
