Univariate_LR_coefficients_null_raster	Univariate_LR_coefficients_wetland_combine_R	Univariate_LR_R2_null_raster	Univariate_LR_R2_wetland_combine_R	Univariate_LR_delta_R2_wetland_combine_R
0.151037596253434	0.151401229825187	0.388325426211782	0.390740825260244	0.00241539904846227
0.142351138918963	0.14219133045722	0.436539917974483	0.435502555478953	-0.00103736249552927
0.15061894103494	0.150431976898089	0.331484844169957	0.331523230916589	0.0000383867466319798
0.149109501396845	0.14893986601781	0.391100929521009	0.390918757461542	-0.000182172059467745
0.138266030192787	0.137695706804461	0.356658123281561	0.355564363347562	-0.00109375993399968
0.134413272461843	0.133754771371263	0.330923808029505	0.329940237901736	-0.000983570127768951
0.155307271787103	0.154708186037612	0.310004758301913	0.308746712073634	-0.00125804622827913
0.119355114818103	0.119442196774734	0.400810233416745	0.401431715891503	0.000621482474758295
0.174478796573689	0.173985214396009	0.381230953168027	0.379499356287625	-0.00173159688040136
0.141288382665203	0.141245337353526	0.460137053713518	0.46043594941653	0.000298895703012392
0.124977933278092	0.124541843888656	0.312145938476485	0.310365452838413	-0.0017804856380717
0.185951839082199	0.186068562907894	0.451731478046589	0.452108961353269	0.000377483306680249
0.168564799701209	0.167983336192869	0.377600859698911	0.376611008981014	-0.000989850717896479
0.14135447652732	0.141049544697886	0.413702606823832	0.412771670399957	-0.000930936423875095
0.134935570076318	0.134893584696173	0.419738184440104	0.419078752690081	-0.000659431750023032
0.130515677604834	0.130345352012834	0.397665040346926	0.397099210261698	-0.000565830085227925
0.118385804491202	0.118266335014719	0.339165400049451	0.338133917812127	-0.00103148223732408
0.127284746478565	0.127549101457369	0.476114711898614	0.478857079653498	0.00274236775488429
0.131660802094227	0.131403160782503	0.384057067358761	0.381863404387804	-0.00219366297095724
0.111963322227191	0.111360857728742	0.3062869797441	0.304687040792979	-0.00159993895112143
0.149408681848003	0.148739481291517	0.447118584520673	0.445883148306948	-0.00123543621372485
0.13640914292868	0.136410976783595	0.456014578378146	0.456184717061937	0.000170138683791066
0.143259365536412	0.142564236835898	0.33308702249657	0.331553444137292	-0.00153357835927831
0.0889051014579	0.0894829870727812	0.266434951177938	0.269176260785491	0.00274130960755353
0.131796710628302	0.131819617533869	0.412682574149289	0.412295516826141	-0.000387057323148587
0.115786231625102	0.115570548874012	0.410285761144215	0.409367490092383	-0.000918271051831954
0.163143613161208	0.162690817652138	0.473531814679412	0.470823810390748	-0.00270800428866408
0.13198902519245	0.131824076158235	0.313350476519462	0.311786838911403	-0.00156363760805861
0.164516550807871	0.163598168360411	0.398229545449678	0.397074167769267	-0.00115537768041113
0.128529485068277	0.128703603692389	0.308367486609988	0.308651169271703	0.00028368266171469
0.116678355444994	0.11634302872387	0.24522814058283	0.244498242273788	-0.000729898309041938
0.138825719796921	0.139070789194254	0.389492704390551	0.389711660788465	0.000218956397914027
0.147276902921486	0.147111551042287	0.431945154610262	0.431226678802382	-0.000718475807879815
0.130123660943006	0.129672395655252	0.377802715056061	0.377528625728359	-0.000274089327702065
0.128381053985146	0.128270620836368	0.418256084433854	0.419109779341108	0.000853694907253677
0.129341129764886	0.128869442599493	0.443109278248909	0.441628520297815	-0.00148075795109415
0.140733327238492	0.140607276794491	0.556004129907417	0.555299073296473	-0.000705056610944665
0.129607834256173	0.129177687229823	0.409368574888041	0.407182578924758	-0.00218599596328306
0.137703504654396	0.137522166674274	0.410167750547781	0.409418860450832	-0.000748890096948951
0.104801394527245	0.104674976924121	0.287285254424253	0.286464794191275	-0.000820460232978548
0.167174317588601	0.167081311013229	0.341025919299594	0.340551754015658	-0.000474165283936567
0.12730027966483	0.127000577080785	0.334713137238643	0.334766137355308	0.0000530001166648142
0.1081132237092	0.107803742861172	0.340713748996775	0.338997298450068	-0.00171645054670694
0.109772319157903	0.109687180500156	0.344956972434441	0.344959225782961	0.00000225334851977621
0.10200738123783	0.101296086820779	0.303232283563617	0.301025053087263	-0.00220723047635407
0.115063078355839	0.114853150045261	0.325618866620299	0.324243723670018	-0.00137514295028091
0.16098771583314	0.15983424333009	0.3925870828435	0.390254066514524	-0.00233301632897553
0.168508375632228	0.168357276154126	0.369860938295555	0.36969328313081	-0.000167655164744318
0.115524921683664	0.116387913221118	0.283221313477317	0.287388774293258	0.00416746081594077
0.113222392683958	0.112923422850249	0.363338257183709	0.362222054616871	-0.00111620256683775
0.160074317167777	0.159793840698199	0.446458916200413	0.445856229448696	-0.000602686751717485
0.134538909177353	0.134620879427098	0.398434881653583	0.397814537479435	-0.00062034417414758
0.154685758255744	0.153592462867402	0.407572357341492	0.404916633759675	-0.00265572358181776
0.131499871809474	0.131557337625464	0.350865285964987	0.352768898335159	0.00190361237017245
0.179245833509231	0.178656827873448	0.523698251731677	0.522513701809177	-0.00118454992249983
0.1416152926257	0.141099535421797	0.408746925156795	0.407316206507995	-0.00143071864879946
0.115175501740913	0.115355812282964	0.438280052686114	0.439247419885218	0.000967367199104341
0.117677233389475	0.117696257245303	0.404352475520988	0.407135658859401	0.00278318333841271
0.0871678636773959	0.0870791026952621	0.256518043789323	0.25532530736831	-0.00119273642101253
0.132578063690766	0.132577049651685	0.393876286843974	0.393904997703001	0.000028710859026615
0.148361908571459	0.148120312942175	0.442696501892419	0.441515803305556	-0.00118069858686293
0.133059345339793	0.132522146825293	0.381137641209691	0.378960747329782	-0.00217689387990877
0.115280887922619	0.115346487473392	0.351437997110314	0.35319202084692	0.00175402373660605
0.183696425724865	0.182803722753751	0.499796538519041	0.497379111465428	-0.00241742705361347
0.16586862579374	0.165289116143742	0.430358054294178	0.42632471050048	-0.00403334379369796
0.113283955565216	0.113504145790062	0.410592867716501	0.411521768169598	0.00092890045309757
0.15224562042628	0.152332078092671	0.345274607851177	0.345299588404322	0.0000249805531457592
0.137794486054924	0.137425747493307	0.352482759955608	0.351693997733118	-0.000788762222489969
0.123095216636265	0.122742018562614	0.331659504291989	0.331136850323453	-0.000522653968536124
0.133637220100116	0.133337465505177	0.332481498990924	0.330952391917139	-0.0015291070737849
0.122242128033875	0.122330785067297	0.318689215192691	0.317517793970377	-0.00117142122231456
0.120496163244956	0.120200614051418	0.335753214759489	0.33388331071676	-0.00186990404272841
0.13722257444532	0.137398696994506	0.452798218821597	0.454577902265162	0.00177968344356472
0.178711881713771	0.178060794312654	0.475542436232579	0.473233604151465	-0.00230883208111421
0.123322246070839	0.122825756851315	0.346661925621143	0.346497817120321	-0.000164108500821825
0.124279681786005	0.124076255563287	0.406775454353056	0.406123617753014	-0.000651836600042255
0.135830654159284	0.135922589822425	0.425985651287653	0.426107908158682	0.000122256871028847
0.131345193517456	0.131321262121195	0.52595737351059	0.527435935448048	0.00147856193745755
0.112318909188853	0.112118580586362	0.330360925357459	0.329156939875085	-0.00120398548237344
0.121992474558882	0.121968948955778	0.381669225304199	0.381546505019628	-0.000122720284571221
0.138838712084905	0.138813043876354	0.397113191528455	0.396910203574125	-0.000202987954330158
0.13149849526972	0.131040362075663	0.33125081696619	0.33023807892205	-0.0010127380441397
0.110580113107625	0.110670902877104	0.327437118781315	0.328504473073654	0.00106735429233928
0.125707223790639	0.125623598103553	0.410386671888949	0.410052606756797	-0.000334065132152117
0.139297485914638	0.138852981798357	0.442613717073891	0.441502948690083	-0.00111076838380841
0.128207177271483	0.128007318439522	0.386081536053489	0.385118684128927	-0.000962851924561692
0.138352393681899	0.137969075511597	0.437551084124623	0.438352362733738	0.000801278609115164
0.156306206832949	0.156043138737034	0.496619678050381	0.496032056628392	-0.000587621421989204
0.152830980422082	0.151970437995072	0.493925520665032	0.492945606399831	-0.000979914265200055
0.117340594295432	0.116896208298804	0.413595109744601	0.411375481016365	-0.00221962872823589
0.134922878221597	0.134935319969675	0.408494849188798	0.409111019488	0.000616170299201246
0.11333203008771	0.113429646883407	0.42794490438022	0.428302952145783	0.000358047765563141
0.133849213473766	0.133407896747014	0.372434416577617	0.371432817341108	-0.00100159923650917
0.129178672334723	0.128628322654082	0.4537475173009	0.450925262179939	-0.00282225512096035
0.130917784590757	0.130889157095822	0.338579693797105	0.340572592832276	0.00199289903517097
0.126325944070198	0.125799654238076	0.409724282244662	0.407788729240954	-0.00193555300370757
0.14417257915046	0.144354286806441	0.332801844040762	0.332896525585005	0.0000946815442425808
0.139695654442077	0.138444937708919	0.375935626385541	0.373838179479091	-0.00209744690645036
0.136832968951474	0.136829164246714	0.410132866658084	0.410036689109928	-0.0000961775481560512
0.142736534443259	0.141829189864352	0.438231626330301	0.437184544882152	-0.00104708144814897
