Univariate_LR_coefficients_null_raster	Univariate_LR_coefficients_Deciduous_broad_R	Univariate_LR_R2_null_raster	Univariate_LR_R2_Deciduous_broad_R	Univariate_LR_delta_R2_Deciduous_broad_R
0.509348634063282	0.221223554142796	0.501592752472326	0.786918559282628	0.285325806810302
0.161277939848129	0.0701385511862641	0.128795083744666	0.139311809530539	0.0105167257858725
0.315069315823578	0.169744029145023	0.171460156214606	0.191459517470936	0.0199993612563301
0.181228010384823	0.0976129381344691	0.194462916269028	0.168035874763457	-0.026427041505571
0.0807262044704342	0.0434407574826887	0.0155085973033488	0.0335551744273685	0.0180465771240197
0.264527871520785	0.057102760568892	0.335467567228521	0.177964657354052	-0.157502909874469
0.351783052979205	0.0788127318732936	0.392980579391446	0.250013909496859	-0.142966669894586
0.266439706225198	0.127077567269505	0.307177978213235	0.216815850394312	-0.0903621278189238
0.200535996575834	0.0908298837330567	0.129583487887477	0.137587694478554	0.00800420659107742
0.285993986073786	0.0851119321796267	0.414382956180605	0.20337784436494	-0.211005111815665
0.389843653990515	0.143323732764994	0.233513714640596	0.105763988455455	-0.12774972618514
0.28978942822516	0.111017022184737	0.0860889049763043	0.0706615402801275	-0.0154273646961767
0.203299055438912	0.139636421037212	0.160772201373582	0.347722669551447	0.186950468177865
0.246282500717424	0.142469241962986	0.213465450274872	0.378854230287711	0.165388780012839
0.228643762567207	0.0590413996984752	0.156573133785999	0.0867045823991491	-0.0698685513868502
0.0951818943085608	0.0148055097903041	0.0173173966451589	0.00378977186949052	-0.0135276247756684
0.325869211709431	0.134465880549057	0.477480433085215	0.330311278419593	-0.147169154665622
0.329931354673836	0.130143063841317	0.263121542323268	0.163909784744321	-0.0992117575789474
0.357355679266791	0.161555839266688	0.72968425213064	0.424016980676972	-0.305667271453668
0.0595397877392208	0.0330986263118713	0.0182528021468278	0.0161534493510953	-0.00209935279573253
0.258026002031862	0.10944394647605	0.144083455553165	0.109381507457355	-0.0347019480958096
0.287675192226792	0.148721316587266	0.570973876532829	0.365516997574836	-0.205456878957993
0.458449070804559	0.237488265377101	0.548233437375058	0.44466725458933	-0.103566182785728
0.216714014042273	0.0586538779067337	0.159776713300561	0.0699453094381924	-0.0898314038623681
0.543467409014854	0.329256415819955	0.353862621749971	0.355891321077642	0.00202869932767041
0.532350643706609	0.223035260017211	0.474401068708889	0.547179753859497	0.0727786851506089
0.0956356568589826	0.101089145547518	0.0352525975724388	0.178194576174849	0.14294197860241
0.410587611235948	0.24232362522838	0.460330754989065	0.495699701030673	0.0353689460416072
0.45643201535401	0.217851750491292	0.347806990861149	0.332203312888119	-0.0156036779730307
0.2267030072019	0.123644709166832	0.152422384347048	0.243474554560288	0.0910521702132397
0.272262424192691	0.125719450476733	0.179146411499781	0.111046516809785	-0.0680998946899956
0.169519492866542	0.0349272109199866	0.0629110608516909	0.00525258850068931	-0.0576584723510016
0.205512425829247	0.0594722861910844	0.0271402170780602	0.0127955600531908	-0.0143446570248693
0.411730807170089	0.169913214384055	0.573260957959234	0.322201241639587	-0.251059716319648
0.742662107165122	0.336741497548043	0.632117567918354	0.480493791759097	-0.151623776159257
0.253939159458204	0.127236012424921	0.0630191665679134	0.0773756467499149	0.0143564801820015
0.205016294734511	0.148560800957232	0.112754797957632	0.162577331193817	0.0498225332361856
0.288165709335759	0.0904736247072065	0.179372333072955	0.131723964214019	-0.0476483688589355
0.318677493092491	0.202970318923535	0.345777667103719	0.550297051075291	0.204519383971572
0.337823212762906	0.166311874433198	0.194656666488565	0.172987384341698	-0.0216692821468663
0.512546259455603	0.156435330018651	0.236034445797476	0.170299495015976	-0.0657349507815004
0.465287785152358	0.154686642388679	0.474044921078902	0.239105915147826	-0.234939005931076
0.179382993457596	0.168057128960109	0.0586173811693954	0.141449836305516	0.0828324551361207
0.527047809155911	0.14947461341999	0.366630750289874	0.184888457093906	-0.181742293195967
0.257420569318673	0.0601040401469496	0.297651367200353	0.211439735107385	-0.0862116320929679
0.288293723783326	0.113165262971892	0.0828206745148953	0.0608148125845439	-0.0220058619303514
0.28465415537388	0.0713326651788849	0.11248343066316	0.0277942068132349	-0.0846892238499247
0.125700427714017	0.0459411595814256	0.065873302570368	0.0237650646890549	-0.0421082378813131
0.292531297135728	0.0910857037783184	0.389610179216604	0.119886523493109	-0.269723655723495
0.459422156617499	0.124797711694316	0.43399152296117	0.279128490635854	-0.154863032325315
0.250925461615483	0.118749791196259	0.274639844389712	0.235298501766542	-0.0393413426231703
0.218539362889769	0.0273006072762845	0.11329977928515	0.00977936016042757	-0.103520419124723
0.379183007871704	0.206780374981007	0.45503270320628	0.313061877170502	-0.141970826035778
0.312295425742977	0.110302060241271	0.278578059648626	0.317082996739748	0.0385049370911226
0.187279851952955	0.125997866368441	0.248456006330683	0.323872263691513	0.0754162573608298
0.386742593527444	0.189127127530418	0.559847042504585	0.502001829383222	-0.0578452131213628
0.0816354334142884	0.00765011635019857	0.0372522299117817	0.00137365198820765	-0.0358785779235741
0.205162809255206	0.160777205884186	0.127003939374187	0.269533695741858	0.142529756367671
0.534877697540481	0.292535792024047	0.475234948018741	0.236560715519293	-0.238674232499448
0.524443344329959	0.147901105827244	0.315890628503158	0.170177640139766	-0.145712988363392
0.182624165442694	0.115475943453747	0.293236689272095	0.508193819632958	0.214957130360863
0.46536389790376	0.243788529324238	0.704730259953136	0.477365013065785	-0.227365246887351
0.21080898835795	0.107019992660309	0.117591289382853	0.198368838455726	0.0807775490728733
0.351155648161095	0.0753832735272972	0.286401072327671	0.0868223062879363	-0.199578766039734
0.327571675694138	0.112190367734128	0.533307636713373	0.220724734363713	-0.312582902349659
0.233200568765292	0.125657945727123	0.133963699615823	0.177971889820778	0.0440081902049555
0.482422767048615	0.221553519239311	0.534947914747182	0.543490723877782	0.00854280913060046
0.116453351562414	0.135941394865841	0.0207045032528459	0.134720099489832	0.114015596236986
0.315935447005173	0.134079937447477	0.169484117342249	0.112845446085516	-0.0566386712567325
0.512148254079097	0.188961352388734	0.117654359147752	0.0463196395513601	-0.0713347195963916
0.38496430993838	0.132759482427951	0.158953400262828	0.100938033519229	-0.058015366743599
0.0745262257121674	0.0397515401437679	0.0336399952140643	0.0365441727465886	0.00290417753252434
0.208847155635344	0.0898241314174012	0.450123714677371	0.313449855584961	-0.13667385909241
0.091711883034598	0.0406469050892705	0.0182531492605099	0.0396869241576816	0.0214337748971717
0.266412811878833	0.0702447415818524	0.148019450137879	0.0710295553385199	-0.076989894799359
0.150080250375363	0.0496795215839551	0.0932652839737941	0.0368100272600909	-0.0564552567137032
0.797757940743428	0.377824340200874	0.585990322100777	0.276593032313667	-0.30939728978711
0.179726118098721	0.0782461465860027	0.162659229382207	0.0829064504493262	-0.0797527789328807
0.139250232655665	0.0376547715282821	0.129568073407926	0.0998990164922758	-0.0296690569156497
0.349366857097869	0.108755805749907	0.43853509312949	0.269727306501555	-0.168807786627935
0.548151276506386	0.338319783548296	0.308077163963569	0.360017499703563	0.0519403357399939
0.205476477101373	0.0585087845696279	0.0815720134127531	0.0501976474851742	-0.031374365927579
0.284496549234635	0.145121415104735	0.144164848573463	0.11797153498684	-0.0261933135866232
0.444600130039371	0.460063348252689	0.105055517649688	0.418076211697547	0.313020694047859
0.297562065011571	0.107971716864484	0.270657402677992	0.273136732274795	0.0024793295968028
0.185649911898132	0.0589648156151386	0.227488978116421	0.114811491819018	-0.112677486297402
0.0695383293671997	0.0567966689756315	0.0108048581581946	0.0449343576305641	0.0341294994723695
0.272103874215064	0.143669403875791	0.245951519491312	0.190671532109456	-0.0552799873818559
0.179020812311324	0.168902878017122	0.0687441199386095	0.335740440153156	0.266996320214547
0.292483304093323	0.125410937272761	0.310364118465681	0.215897898857199	-0.0944662196084822
0.0723397597188497	0.0636024221971714	0.023930926219807	0.0962242792870828	0.0722933530672758
0.452441005660505	0.205108777408091	0.11312837263029	0.126514665364352	0.013386292734062
0.200560304435114	0.0896035159516726	0.208301946091325	0.140980374184083	-0.0673215719072414
0.256869819384707	0.118509747496634	0.11461938815483	0.0946281214361772	-0.0199912667186523
0.207897321498185	0.0857277903328961	0.13102481403694	0.110055712088109	-0.0209691019488309
0.33624397018646	0.0930958075840751	0.401306824480411	0.199382557056878	-0.201924267423533
0.589060614184412	0.29249555713492	0.448338841216864	0.39773890847594	-0.0505999327409237
0.146729605269791	0.00384709092735327	0.0438009509916143	0.000210231801708972	-0.0435907191899053
0.291677921082665	0.123494219460824	0.217103056643822	0.132215406514726	-0.0848876501290964
0.257026795131185	0.245229048038037	0.155204793592837	0.514580479943619	0.359375686350782
