Univariate_LR_coefficients_null_raster	Univariate_LR_coefficients_bird_richness_R	Univariate_LR_R2_null_raster	Univariate_LR_R2_bird_richness_R	Univariate_LR_delta_R2_bird_richness_R
0.617798841296427	0.00396271527742682	0.537975740463284	0.520420593792347	-0.0175551466709369
0.39491780762969	0.00255530549170359	0.509016472028207	0.491789137459278	-0.0172273345689288
0.503861311265934	0.00305112499345003	0.284584787912831	0.251749564568723	-0.0328352233441078
0.313130176692773	0.0019722204544415	0.45043019336702	0.446683729370584	-0.00374646399643613
0.2960480136654	0.00191369454086889	0.291081477974757	0.297162293426061	0.00608081545130368
0.221811755858304	0.00146251255767024	0.358656709338944	0.380704519938296	0.0220478105993517
0.509616675866764	0.00321890267275991	0.49205264382865	0.492542077772541	0.000489433943891282
0.3858969221597	0.0023686245572395	0.516587722147803	0.506837070553366	-0.00975065159443789
0.216177382293736	0.00142566282005002	0.124792581466116	0.128353483993894	0.00356090252777791
0.195706959663436	0.00122924436422148	0.174934629869033	0.170221161714253	-0.00471346815478044
0.279597281225989	0.00190057965509404	0.178080781733211	0.193085431241776	0.0150046495085644
0.259835895944139	0.00164154760547236	0.479312743951603	0.479155316788666	-0.000157427162936874
0.246280361355244	0.00160975545798276	0.303178321703536	0.311857519405298	0.00867919770176162
0.307604747120565	0.00198884799483224	0.449842190186983	0.455123431850317	0.00528124166333416
0.273731239502281	0.00174801478404938	0.243991111625342	0.23169645103045	-0.0122946605948926
0.172530943703949	0.00111458931813407	0.14670094840778	0.153978723588516	0.00727777518073625
0.154127888557084	0.000987687595411968	0.0875582567122582	0.0884419981411386	0.000883741428880341
0.368510823722806	0.00227569399092532	0.343026055587084	0.347693889276942	0.00466783368985851
0.310972867719034	0.0019513499232463	0.465664085214074	0.449468485398593	-0.016195599815481
0.206973914350734	0.00136802233396604	0.396532760555535	0.400998103829496	0.0044653432739607
0.200683997424366	0.00135721656455262	0.107370131889094	0.117064396454041	0.00969426456494654
0.201679296693551	0.00129891653329935	0.158861528897056	0.161049500151901	0.00218797125484471
0.365504889903421	0.00231340063791338	0.541127062063415	0.542556327015346	0.00142926495193141
0.212858618691697	0.00136378648969608	0.414164038474564	0.421116895714846	0.00695285724028288
0.391948270976584	0.00240934772643322	0.476311752300222	0.453117131339928	-0.0231946209602948
0.535429202284842	0.00359316005129349	0.142248898609282	0.148920203334258	0.00667130472497535
0.296088406835977	0.00198564608703205	0.28646599418517	0.304930031765151	0.0184640375799807
0.22638509806183	0.00145008405851179	0.0960248815988756	0.100941794578903	0.00491691298002725
0.402873609188423	0.00252026449860529	0.368512217390647	0.346082644338285	-0.0224295730523619
0.487499303222733	0.00324763530385747	0.268624485749825	0.283080854596122	0.0144563688462965
0.261155292160832	0.00172031708701592	0.235662978247959	0.241642447368356	0.00597946912039643
0.539984339202642	0.00349890095752004	0.65949128431068	0.677206114470512	0.0177148301598313
0.454928406756094	0.00298887824009151	0.314386386294044	0.326438513108267	0.0120521268142229
0.134472932497261	0.00087953335948701	0.151794358698075	0.166088651209857	0.014294292511782
0.294183969557244	0.00194261350160954	0.278860320501059	0.298339756249994	0.0194794357489351
0.306127405305324	0.00197000770386362	0.37526964503558	0.383811760148775	0.00854211511319519
0.324359435493352	0.00197579691894823	0.500886836661445	0.464451074242232	-0.0364357624192128
0.48321074202989	0.0032303021422982	0.460465157005229	0.48140843550278	0.0209432784975511
0.3180012345704	0.0020728960490001	0.368152748001801	0.36879246014649	0.000639712144688442
0.497629254523881	0.00323805092642334	0.22203281296924	0.214294715275827	-0.00773809769341338
0.384420671978582	0.00241708710649362	0.201233187902622	0.189120045263487	-0.0121131426391344
0.322141563645542	0.00198392541477688	0.178045286199187	0.170256250259877	-0.00778903593930991
0.267494366354001	0.00173026898211372	0.267698237873384	0.281169447464663	0.0134712095912795
0.140157585485379	0.00089123971728221	0.105453088273363	0.104108835045655	-0.00134425322770808
0.180172236755134	0.00107169186169904	0.169238890976745	0.156402452287862	-0.012836438688884
0.194117112457513	0.0011929887781911	0.0577245620124772	0.0520075577037995	-0.00571700430867773
0.186453741298235	0.00120842064845605	0.158978516025439	0.163708096408132	0.00472958038269325
0.272352795109536	0.00166085118361476	0.351919090867727	0.347037757572337	-0.0048813332953902
0.373833007757716	0.0024362018697058	0.376735367821785	0.372040254668777	-0.00469511315300841
0.264942515692911	0.00171420436304555	0.491101765533999	0.48957614006414	-0.00152562546985863
0.173953875297784	0.00114726613921181	0.116832347125749	0.130214181324947	0.013381834199198
0.277736392557488	0.00175832032044774	0.321749088171718	0.320421868781682	-0.00132721939003688
0.328744988751261	0.00213964756451919	0.433061175805186	0.436969171607054	0.00390799580186757
0.547520536020684	0.00334647246445164	0.551217611839817	0.54119937542188	-0.010018236417937
0.484257175039221	0.00319667249687765	0.487087712990287	0.487882127216942	0.000794414226655271
0.34284798880337	0.00215434885015554	0.600397812166994	0.587101441551384	-0.0132963706156096
0.255575891956676	0.00163125996140129	0.315320281537149	0.327130775425344	0.0118104938881953
0.287359238654011	0.00178028082676944	0.290877475147837	0.296850946758598	0.00597347161076117
0.406789396233742	0.00244133627403462	0.472913331793935	0.427055428687495	-0.0458579031064396
0.428946182822983	0.00291668317544354	0.292447529246697	0.307541430810734	0.0150939015640378
0.648042283322667	0.00415640325427961	0.469346850178309	0.463202628555573	-0.00614422162273581
0.249013336384748	0.00152639814084624	0.228936119169243	0.222411219618894	-0.00652489955034979
0.624117087282601	0.00372804665054456	0.193158191919324	0.174470597839658	-0.0186875940796653
0.362517156168027	0.00230836287802136	0.444059282904977	0.457681306089017	0.01362202318404
0.423055718948474	0.00268050092000094	0.523713565107503	0.530767025286744	0.00705346017924102
0.224446454619672	0.00144928154097276	0.182683052497496	0.189436290016231	0.00675323751873591
0.250366886507578	0.00168203594908584	0.268132418003667	0.274697509393536	0.00656509138986883
0.450144858773086	0.00284234750245346	0.427096285197196	0.40985419510139	-0.0172420900958054
0.259377735878584	0.00161654800970841	0.103025122360525	0.0974848586497539	-0.00554026371077147
0.226205112576184	0.00141101775193171	0.186852169556964	0.180968961828926	-0.00588320772803821
0.352055382566653	0.0022695294834138	0.372180569611526	0.367132461392684	-0.00504810821884177
0.284922882468161	0.00172699420666003	0.208473230882032	0.199522188363299	-0.00895104251873294
0.386794913383328	0.00249284657964145	0.246611865393323	0.244837322358394	-0.00177454303492999
0.596573898870119	0.00387809132226234	0.511737646583582	0.513046439831181	0.00130879324759847
0.285353553196195	0.00176176415410953	0.24185503957896	0.238509188613144	-0.00334585096581594
0.308228983083751	0.00201411709565725	0.447280913144599	0.461861428158975	0.014580515014376
0.319636840741571	0.00212035610975884	0.356597224658992	0.370648898063023	0.0140516734040316
0.317512684816421	0.00205974327364364	0.25295133103437	0.257939912730427	0.00498858169605715
0.224826756719595	0.00142648085046771	0.331211165530989	0.326319217463538	-0.00489194806745141
0.35646849787393	0.00229965530950618	0.34194166962616	0.364967715588502	0.0230260459623425
0.286000547578929	0.00188177168757751	0.302148738749959	0.305072005128463	0.0029232663785041
0.193520691506459	0.00128050701768811	0.0784362781312803	0.0875811324413232	0.00914485431004285
0.373811209719463	0.00242267550993264	0.352577566779616	0.357418302486504	0.00484073570688809
0.323917052649183	0.00212099716762809	0.448905779945527	0.452653090741986	0.00374731079645896
0.264945117173021	0.00173162009507919	0.360918656964627	0.378248948335369	0.0173302913707421
0.488810817005627	0.00317492163175388	0.558125989363016	0.554102706548814	-0.00402328281420117
0.330068034844175	0.00214513190602582	0.274995685912563	0.271373144997286	-0.00362254091527775
0.16651564783138	0.00110449409999934	0.231609649548701	0.233424170156285	0.00181452060758366
0.309549500028299	0.00207750660019747	0.123496132474426	0.136447455436339	0.0129513229619131
0.244649404664617	0.00157444547126309	0.500507967784397	0.515051475123325	0.0145435073389283
0.436578190810556	0.00283508733303394	0.453621702670605	0.462026127290571	0.00840442461996616
0.371603692390191	0.00240340803220561	0.332699760152314	0.336935135569921	0.00423537541760688
0.211531274010292	0.00128913045895372	0.140476046002591	0.1284853155511	-0.0119907304514911
0.668798154042763	0.00422141884937261	0.517901507836924	0.515374536994558	-0.00252697084236631
0.357527203945409	0.00217154074152364	0.423464945929801	0.407532616357403	-0.0159323295723982
0.313207177243525	0.00198139626222769	0.412833748256015	0.408767742074063	-0.00406600618195269
0.290974856373503	0.0018716192136091	0.226872790909549	0.221895213211962	-0.00497757769758694
0.347001490693329	0.00209271301416607	0.298300249387805	0.278350373848218	-0.0199498755395867
0.37352349313151	0.00234795867794701	0.376236556240504	0.364148664798424	-0.0120878914420798
0.314687564718639	0.00204731872277692	0.293202571781812	0.308838259198382	0.0156356874165697
