Univariate_LR_coefficients_null_raster	Univariate_LR_coefficients_gflpu_R	Univariate_LR_R2_null_raster	Univariate_LR_R2_gflpu_R	Univariate_LR_delta_R2_gflpu_R
0.509348634063282	0.509350010784942	0.501592752472326	0.501599156245013	0.00000640377268690262
0.161277939848129	0.161278019265905	0.128795083744666	0.128796217078938	0.00000113333427140261
0.315069315823578	0.315069268204299	0.171460156214606	0.171460881549009	0.000000725334402734701
0.181228010384823	0.181228561645913	0.194462916269028	0.19446583605721	0.00000291978818203753
0.0807262044704342	0.0807264628550256	0.0155085973033488	0.0155087801409331	0.000000182837584263712
0.264527871520785	0.264526977260154	0.335467567228521	0.335467804791698	0.000000237563176797018
0.351783052979205	0.351780298756004	0.392980579391446	0.392982199226518	0.00000161983507251939
0.266439706225198	0.26643921282674	0.307177978213235	0.307178970508019	0.000000992294783341841
0.200535996575834	0.200534735437173	0.129583487887477	0.129582928211924	-0.000000559675552652683
0.285993986073786	0.285993801751404	0.414382956180605	0.414384069761061	0.00000111358045573606
0.389843653990515	0.389842373489428	0.233513714640596	0.233513899715591	0.000000185074995301404
0.28978942822516	0.28978988081716	0.0860889049763043	0.0860897016726925	0.000000796696388222218
0.203299055438912	0.203296602048985	0.160772201373582	0.160771028234667	-0.00000117313891495607
0.246282500717424	0.246282415966222	0.213465450274872	0.213468104571275	0.00000265429640322612
0.228643762567207	0.228643035935956	0.156573133785999	0.156574029085493	0.000000895299493236523
0.0951818943085608	0.0951821383039452	0.0173173966451589	0.0173176566621407	0.000000260016981789429
0.325869211709431	0.32586407576034	0.477480433085215	0.477478612828445	-0.00000182025677031294
0.329931354673836	0.329931536805589	0.263121542323268	0.263123651955233	0.0000021096319647862
0.357355679266791	0.357353477706481	0.72968425213064	0.72968318197345	-0.0000010701571896421
0.0595397877392208	0.0595391940534072	0.0182528021468278	0.0182526534873716	-0.000000148659456231104
0.258026002031862	0.25802534356765	0.144083455553165	0.144084067237519	0.000000611684353751807
0.287675192226792	0.287674968326776	0.570973876532829	0.570975691841397	0.00000181530856813161
0.458449070804559	0.458447570985874	0.548233437375058	0.548234105266323	0.00000066789126429434
0.216714014042273	0.21671268804989	0.159776713300561	0.159776749812905	0.0000000365123446754989
0.543467409014854	0.543466430734453	0.353862621749971	0.353863406837956	0.00000078508798440069
0.532350643706609	0.532349784060146	0.474401068708889	0.474410375975638	0.00000930726674908122
0.0956356568589826	0.0956356146378952	0.0352525975724388	0.0352528642452017	0.000000266672762837261
0.410587611235948	0.410585450759668	0.460330754989065	0.46033075979774	0.00000000480867440311172
0.45643201535401	0.456427846707478	0.347806990861149	0.347807947872944	0.000000957011794977536
0.2267030072019	0.226702171456554	0.152422384347048	0.152423003185732	0.000000618838684268708
0.272262424192691	0.272263400479156	0.179146411499781	0.179148917644044	0.00000250614426350326
0.169519492866542	0.169517865646468	0.0629110608516909	0.0629105548773235	-0.00000050597436741795
0.205512425829247	0.205510612007174	0.0271402170780602	0.0271403253347524	0.000000108256692225167
0.411730807170089	0.411728741101123	0.573260957959234	0.573265505605651	0.00000454764641710792
0.742662107165122	0.742657243434917	0.632117567918354	0.632117424332267	-0.000000143586087575365
0.253939159458204	0.253939973189953	0.0630191665679134	0.0630202400240021	0.0000010734560886988
0.205016294734511	0.205015579152533	0.112754797957632	0.112754870938166	0.0000000729805340049516
0.288165709335759	0.288164429101349	0.179372333072955	0.179373587828627	0.00000125475567216982
0.318677493092491	0.318676114927068	0.345777667103719	0.345778255529508	0.000000588425788927704
0.337823212762906	0.337823386272657	0.194656666488565	0.194659311995527	0.00000264550696285615
0.512546259455603	0.512544014207391	0.236034445797476	0.236036475754995	0.00000202995751924506
0.465287785152358	0.465286403623936	0.474044921078902	0.474047214577124	0.0000022934982217282
0.179382993457596	0.179383493586482	0.0586173811693954	0.058617986474218	0.000000605304822640096
0.527047809155911	0.527039600706614	0.366630750289874	0.366629125187388	-0.00000162510248563619
0.257420569318673	0.257419711384747	0.297651367200353	0.297653686172905	0.00000231897255215108
0.288293723783326	0.288295235906301	0.0828206745148953	0.0828219515905695	0.00000127707567423863
0.28465415537388	0.284655215471366	0.11248343066316	0.112485740345863	0.00000230968270381604
0.125700427714017	0.125700232651085	0.065873302570368	0.0658738574728398	0.000000554902471860963
0.292531297135728	0.292530856595224	0.389610179216604	0.389610060512091	-0.000000118704513052403
0.459422156617499	0.459413546012257	0.43399152296117	0.433988405143862	-0.00000311781730749638
0.250925461615483	0.250919389001701	0.274639844389712	0.274635327027038	-0.00000451736267448322
0.218539362889769	0.218540127775312	0.11329977928515	0.113301911771832	0.00000213248668168298
0.379183007871704	0.379183125904162	0.45503270320628	0.455034237440362	0.00000153423408161268
0.312295425742977	0.312292514862622	0.278578059648626	0.278579345484273	0.00000128583564701357
0.187279851952955	0.187280756594742	0.248456006330683	0.248460095485173	0.0000040891544895727
0.386742593527444	0.386742460799808	0.559847042504585	0.559857786371429	0.0000107438668438542
0.0816354334142884	0.0816357274904417	0.0372522299117817	0.0372525921824397	0.000000362270657951191
0.205162809255206	0.205159420675785	0.127003939374187	0.127002995131237	-0.000000944242949579843
0.534877697540481	0.534876781001284	0.475234948018741	0.475234906964622	-0.0000000410541189377334
0.524443344329959	0.524436547042128	0.315890628503158	0.315890170073887	-0.000000458429270933092
0.182624165442694	0.182625131399949	0.293236689272095	0.293241883092708	0.00000519382061292539
0.46536389790376	0.465362999993301	0.704730259953136	0.704730754379606	0.00000049442647021003
0.21080898835795	0.210807805306962	0.117591289382853	0.117592378502417	0.00000108911956452074
0.351155648161095	0.351155826163545	0.286401072327671	0.286404253251888	0.00000318092421736083
0.327571675694138	0.327570800498118	0.533307636713373	0.533307498476414	-0.000000138236958546756
0.233200568765292	0.233199487451416	0.133963699615823	0.133964264694452	0.000000565078628972371
0.482422767048615	0.482423545714659	0.534947914747182	0.534966027043161	0.0000181122959792557
0.116453351562414	0.116453391410682	0.0207045032528459	0.0207047899786393	0.000000286725793326864
0.315935447005173	0.315932464605613	0.169484117342249	0.169483723067328	-0.000000394274921100557
0.512148254079097	0.512148531970443	0.117654359147752	0.117655282132776	0.000000922985023937839
0.38496430993838	0.384965130072748	0.158953400262828	0.158954932334126	0.00000153207129766075
0.0745262257121674	0.0745242851952947	0.0336399952140643	0.033639466273322	-0.000000528940742275386
0.208847155635344	0.208846448592964	0.450123714677371	0.45012714370913	0.00000342903175931664
0.091711883034598	0.0917120456405096	0.0182531492605099	0.0182532690368384	0.0000001197763284215
0.266412811878833	0.266406085124748	0.148019450137879	0.148018803958214	-0.000000646179665109159
0.150080250375363	0.150080351504318	0.0932652839737941	0.093265688077837	0.000000404104042867059
0.797757940743428	0.797752955894861	0.585990322100777	0.585988506127398	-0.00000181597337922668
0.179726118098721	0.179725875448032	0.162659229382207	0.162659770146078	0.000000540763870904293
0.139250232655665	0.139249036688495	0.129568073407926	0.129567985554736	-0.0000000878531896120194
0.349366857097869	0.349366563788894	0.43853509312949	0.438537139315232	0.00000204618574151105
0.548151276506386	0.548147794783387	0.308077163963569	0.308077504784386	0.000000340820816624454
0.205476477101373	0.205478760000748	0.0815720134127531	0.081575784561031	0.00000377114827786185
0.284496549234635	0.284496422188607	0.144164848573463	0.144166099134942	0.00000125056147909364
0.444600130039371	0.444602796525335	0.105055517649688	0.105057887703108	0.00000237005342010321
0.297562065011571	0.297562094586765	0.270657402677992	0.27065851129923	0.00000110862123836597
0.185649911898132	0.185648342148649	0.227488978116421	0.227489346111531	0.000000367995110384101
0.0695383293671997	0.0695386174920611	0.0108048581581946	0.0108050506522041	0.000000192494009535957
0.272103874215064	0.272104629516972	0.245951519491312	0.245957034683838	0.00000551519252681154
0.179020812311324	0.179021238198057	0.0687441199386095	0.0687449439959601	0.000000824057350606866
0.292483304093323	0.292483211243127	0.310364118465681	0.310364911032786	0.000000792567105389885
0.0723397597188497	0.0723398353403191	0.023930926219807	0.0239311188586376	0.000000192638830616432
0.452441005660505	0.452440186278751	0.11312837263029	0.113129483365592	0.00000111073530167927
0.200560304435114	0.200559072322425	0.208301946091325	0.208301837539849	-0.000000108551475308527
0.256869819384707	0.25686700412268	0.11461938815483	0.11461858119669	-0.000000806958139504266
0.207897321498185	0.207897059843669	0.13102481403694	0.131025638574734	0.000000824537793708835
0.33624397018646	0.336242322761481	0.401306824480411	0.401305779200832	-0.00000104527957817124
0.589060614184412	0.589057151305282	0.448338841216864	0.448338557182633	-0.000000284034230690899
0.146729605269791	0.146728457791604	0.0438009509916143	0.0438008000505335	-0.000000150941080766243
0.291677921082665	0.291676921932028	0.217103056643822	0.217103046737362	-0.00000000990646062404288
0.257026795131185	0.25703235495034	0.155204793592837	0.155212843518907	0.0000080499260698419
