Univariate_LR_coefficients_null_raster	Univariate_LR_coefficients_flood_veg_C	Univariate_LR_R2_null_raster	Univariate_LR_R2_flood_veg_C	Univariate_LR_delta_R2_flood_veg_C
0.500384782454601	0.511959846203249	0.529724608852601	0.525000052901436	-0.0047245559511655
0.598734101977677	0.613658337926275	0.310465847319546	0.308214689413047	-0.00225115790649821
0.397733803848193	0.411923862778047	0.362807603232674	0.369601435710988	0.00679383247831361
0.379702274638744	0.405886811401126	0.39258871916929	0.410104463833951	0.0175157446646608
0.475676014185618	0.497500862987319	0.475778044516905	0.488925381420698	0.0131473369037924
0.481567273429568	0.495477217681513	0.362777139823593	0.372998634467385	0.0102214946437924
0.426731519872568	0.441216748663528	0.456431413562904	0.466944919903404	0.0105135063405
0.402994589428909	0.422354599389497	0.375760211549618	0.375894264663237	0.000134053113618915
0.556105674539595	0.568658530198772	0.543590561639994	0.508522855044036	-0.0350677065959578
0.485652799017552	0.501556072933929	0.532394677901439	0.509838660373537	-0.0225560175279022
0.389239481185579	0.394742422436846	0.420633095893462	0.405666145059234	-0.014966950834228
0.406869850896763	0.41671500032782	0.523663905674913	0.509661718870969	-0.0140021868039444
0.724099687231873	0.739409578558299	0.439337421967761	0.419587655156684	-0.0197497668110763
0.69184430446921	0.699237764806416	0.441242287796801	0.426539432198724	-0.0147028555980775
0.406754153301763	0.41643448144177	0.338779133681712	0.340783792715741	0.00200465903402891
0.622013404250828	0.612792536221208	0.386967759624676	0.349513736979422	-0.0374540226452533
0.4644906836007	0.475661963396961	0.616330709938815	0.598345897090519	-0.0179848128482955
0.474161031452312	0.485223928473786	0.365748978641581	0.368998220952058	0.00324924231047735
0.484134689476405	0.499150383856238	0.404365580607366	0.409452378984698	0.00508679837733195
0.406192443450864	0.412510136758021	0.410402333426672	0.397876241088455	-0.0125260923382177
0.431673433897665	0.442860755794743	0.481153094265713	0.48198264977323	0.000829555507516955
0.435906408808703	0.441910922209052	0.578256834263428	0.571237661726725	-0.00701917253670259
0.482186160281811	0.49014670358781	0.463957806884237	0.466953024044828	0.00299521716059076
0.35047244626973	0.355408249281748	0.450195550687902	0.449630010555418	-0.000565540132483888
0.456026497921207	0.459293291118025	0.411078775608758	0.407356064629181	-0.00372271097957738
0.498496156873473	0.509736876925377	0.368703749461164	0.370690477778502	0.00198672831733787
0.429520856533532	0.438288094013807	0.469670388365547	0.472596092139519	0.00292570377397222
0.549097979092012	0.546678442465235	0.458935834449754	0.430238958421175	-0.0286968760285795
0.393824641263865	0.398680799981188	0.336190937411826	0.329667864369243	-0.00652307304258321
0.363273053838869	0.365195067411053	0.432840580789488	0.424559671728276	-0.0082809090612127
0.40823964259397	0.417121334514226	0.421260825303892	0.40960670811672	-0.0116541171871727
0.362557138031507	0.367578126595231	0.39535641686789	0.384776016562635	-0.0105804003052544
0.350429342803703	0.356373349419915	0.408250401668753	0.399150539325225	-0.00909986234352755
0.38654895135973	0.391683533613249	0.468821021312595	0.460613883218512	-0.0082071380940833
0.350262757682986	0.363364791678682	0.426564492835173	0.432108407776694	0.00554391494152084
0.384003525015585	0.389898308769999	0.460603493204345	0.454065752115144	-0.00653774108920135
0.782976204893794	0.810347564299575	0.517983684916841	0.531359533461541	0.0133758485447004
0.429921587824571	0.440579169043081	0.42763785839022	0.431317247728548	0.00367938933832751
0.601550419709332	0.625723021689159	0.271673010477295	0.265813564750429	-0.00585944572686614
0.437938487407643	0.443525044493634	0.350973545675491	0.334017534979239	-0.0169560106962526
0.463057526076243	0.469561478194811	0.49810171486629	0.497059363362423	-0.00104235150386695
0.570633711838618	0.584272519145803	0.367523319253551	0.372248379865234	0.00472506061168293
0.471344825821115	0.478802996900796	0.504167203690353	0.509972849669024	0.00580564597867161
0.291484590419602	0.300529806046398	0.278041608887947	0.284496046904083	0.00645443801613599
0.349076385844539	0.356561109588663	0.328629981761808	0.328719216909005	8.92351471977193e-05
0.352169866054658	0.360365228942425	0.423838106044178	0.432207856002827	0.00836974995864875
0.637857495274072	0.643876559200243	0.306167313362339	0.300457823938595	-0.00570948942374483
0.518247310515415	0.544123304758522	0.408857281480034	0.416564380630985	0.00770709915095102
0.458480056801202	0.459938809858519	0.344433985112679	0.329835592618266	-0.0145983924944129
0.595715418574304	0.61897368553275	0.466525849208692	0.455838615497354	-0.0106872337113377
0.425908958064217	0.429229430653793	0.492623525085882	0.488864767742449	-0.00375875734343362
0.365895239883394	0.373789691124318	0.436113431006194	0.442095719577677	0.0059822885714827
0.523599875767326	0.537760718761644	0.371771529138599	0.377723654172894	0.00595212503429471
0.592195918894034	0.616178672555684	0.48605633152856	0.469111607886189	-0.016944723642371
0.433339764031122	0.438392234945377	0.295232197681011	0.293527483024416	-0.00170471465659539
0.41790951774112	0.428986771209032	0.528077663948426	0.527757595328385	-0.000320068620040859
0.425658940868453	0.437256101209008	0.32385053316737	0.323996165791439	0.000145632624068526
0.5183700882234	0.526299889644514	0.443814065198077	0.427048569593956	-0.0167654956041208
0.614880193416137	0.63841784856051	0.431971863847771	0.432500697862459	0.000528834014687729
0.624781515668878	0.640501734972444	0.328097817182146	0.3239721147241	-0.00412570245804605
0.492453529719684	0.50104533902812	0.544958969249247	0.541854344698924	-0.00310462455032223
0.638426167714997	0.633123859812652	0.464959786668546	0.433456865603481	-0.0315029210650648
0.513830948050231	0.524938837163888	0.544148933071556	0.55496605610119	0.0108171230296338
0.421179212400409	0.423970478966082	0.234546411804383	0.230514666395005	-0.00403174540937784
0.539746120624576	0.545448315697163	0.503260395367419	0.488668570742886	-0.0145918246245338
0.34639660261548	0.344835809142371	0.387718135533337	0.37687110578981	-0.0108470297435272
0.359748207175915	0.36892679337689	0.422808190547482	0.422327692041549	-0.000480498505933458
0.529668199950621	0.548299273935351	0.393083571618718	0.400187292751997	0.00710372113327934
0.503836443891332	0.5214588600915	0.349344634254206	0.351746852368303	0.00240221811409674
0.445307776366745	0.46098824091587	0.357470915775356	0.368653828700463	0.0111829129251069
0.50884391058068	0.514075539278695	0.523446213188807	0.502144366013654	-0.0213018471751532
0.67850646384122	0.688069683704295	0.378321932931629	0.36964423540603	-0.00867769752559927
0.334359137556116	0.342714824704232	0.360191090554627	0.36539162188148	0.005200531326853
0.472803191465967	0.474639792183324	0.441837458465318	0.421636094368066	-0.020201364097252
0.50236130566053	0.505475733802088	0.603832337228195	0.597354437198965	-0.00647790002922988
0.460086833679272	0.46889356563685	0.551333522374054	0.551668214605928	0.000334692231873213
0.391380053180398	0.398881950963703	0.428815700396346	0.42751740988808	-0.00129829050826608
0.342679472505684	0.347428983878811	0.334598880793557	0.331432946267289	-0.00316593452626845
0.5275852124373	0.534948172205824	0.417158343587525	0.405150146446597	-0.0120081971409277
0.455251986664696	0.466830056400133	0.285588959479963	0.28495155416645	-0.000637405313513251
0.584060532421462	0.578351956504608	0.355745791257498	0.334191343556057	-0.0215544477014411
0.389236929323781	0.399686092885199	0.420850774510451	0.427270139652811	0.00641936514236002
0.420039594786873	0.426537869369555	0.47948357380304	0.479418950801494	-6.46230015460825e-05
0.488550608495617	0.49457641344064	0.466594559314174	0.454590521081751	-0.0120040382324232
0.453982331995129	0.468594671518958	0.441314082723752	0.448191705941087	0.00687762321733482
0.462943053530376	0.474330403968645	0.328487144577526	0.323951077470784	-0.00453606710674209
0.567516528937125	0.581208287199266	0.406199501875677	0.411736524857365	0.00553702298168818
0.42945382695097	0.441317640935888	0.528035352090369	0.533605373529346	0.00557002143897634
0.714851037671424	0.724237386921546	0.453218623797789	0.452690484161296	-0.000528139636492286
0.435837006556497	0.439627289854446	0.364510317224136	0.360806952461832	-0.00370336476230382
0.582217382621851	0.597782431192882	0.495971217759493	0.467678444144756	-0.028292773614737
0.468916651913795	0.474297256382904	0.516147330898754	0.502388682968532	-0.0137586479302214
0.52092728559492	0.534286246636717	0.410231074621023	0.413747704224612	0.00351662960358895
0.583621869673265	0.597691113686553	0.406204166113235	0.412381157480756	0.0061769913675212
0.426030950138804	0.44157933242469	0.361963134362904	0.369309519211787	0.00734638484888295
0.54210649647442	0.558086606054411	0.526602714433551	0.501703976592879	-0.0248987378406714
0.541082605889998	0.55092815959516	0.494019073613403	0.484260744627963	-0.00975832898544021
0.596424577729177	0.618975221073556	0.430618977366973	0.4372374215717	0.00661844420472679
0.369138984006783	0.375093216270737	0.462742872421341	0.456085790434381	-0.00665708198695908
0.361349041988196	0.369511124130308	0.433871380690419	0.433620760473165	-0.000250620217254027
