Univariate_LR_coefficients_null_raster	Univariate_LR_coefficients_her_veg_C	Univariate_LR_R2_null_raster	Univariate_LR_R2_her_veg_C	Univariate_LR_delta_R2_her_veg_C
0.222819522244156	0.616774417569827	0.225790609005007	0.184820625522847	-0.0409699834821598
0.30323869358435	0.696142986335149	0.251825580364646	0.169995809020082	-0.0818297713445633
0.205667273279815	0.514793521349223	0.348586858615999	0.164318492732294	-0.184268365883705
0.198107318385253	0.553353593685814	0.343317142018877	0.233279758873008	-0.11003738314587
0.266017256220056	0.665925127651506	0.373164257482372	0.229371454786695	-0.143792802695676
0.223004802734047	0.568119890358832	0.452085105192932	0.308178954596744	-0.143906150596188
0.325693178625149	0.682529817322458	0.469895501528423	0.252833642371278	-0.217061859157145
0.312788566151232	0.768414278566877	0.400137607691373	0.27482586998857	-0.125311737702803
0.263360018296483	0.571611527930061	0.388001255005143	0.228151653641861	-0.159849601363282
0.253337589858094	0.552445993521272	0.305782178200249	0.129805322889038	-0.17597685531121
0.276411448712494	0.595142753497405	0.300161468778702	0.188071709295422	-0.11208975948328
0.163793104152798	0.552471671537563	0.340544575615153	0.306163721582064	-0.0343808540330888
0.21068708672015	0.412748880522053	0.382997249662793	0.140248965178235	-0.242748284484558
0.205096837255184	0.587274828644319	0.161117493075028	0.112813942751333	-0.0483035503236955
0.201199870827006	0.529345870321756	0.394514784874963	0.215649647487264	-0.1788651373877
0.260538936296584	0.609251060361222	0.353927097924863	0.268751082416998	-0.0851760155078651
0.190867574689895	0.325678937377686	0.333128451153511	0.114207560508858	-0.218920890644653
0.180410147012328	0.49816450464215	0.219906921992264	0.170597559457824	-0.0493093625344403
0.255426355962294	0.602356531475613	0.298627472054518	0.17115310678708	-0.127474365267438
0.197287392065138	0.570874819153718	0.225581198976633	0.219683039269274	-0.00589815970735943
0.201639024924044	0.531180582292878	0.338053924833599	0.227892735779005	-0.110161189054594
0.180680129653145	0.480744120552698	0.222518713436317	0.169731178243438	-0.0527875351928792
0.246080598351616	0.561986371543517	0.472562044388236	0.260687053850298	-0.211874990537938
0.200178833629194	0.449002390362012	0.235506045078312	0.1509778809212	-0.0845281641571125
0.269880938946026	0.688888183825878	0.383265300094942	0.221299484161309	-0.161965815933633
0.180139242829934	0.466112738973716	0.171586484100425	0.1024595076397	-0.0691269764607247
0.243953345727508	0.560196444752196	0.291358036734729	0.164051629250469	-0.12730640748426
0.247983374684704	0.698035074329505	0.271182892971096	0.203299492005152	-0.067883400965944
0.25902912312164	0.54528938935135	0.385862743673191	0.206523997365128	-0.179338746308062
0.258190676386045	0.774046622829599	0.303776104195299	0.299357854799612	-0.0044182493956868
0.209824007476643	0.463250567237999	0.279499323142856	0.167178762558994	-0.112320560583862
0.211241343695487	0.514693096784053	0.383919859059414	0.227554826357778	-0.156365032701636
0.244995465934506	0.619850186058915	0.342221800463975	0.194525956030886	-0.147695844433089
0.212406899088952	0.507185112441924	0.324653368016391	0.205856297834115	-0.118797070182275
0.296152762230786	0.711071416469316	0.412730472893574	0.236260191912052	-0.176470280981522
0.206031280547657	0.441859762239878	0.286827253460397	0.153149773219887	-0.13367748024051
0.192919142990522	0.466201401909812	0.340349651115775	0.233306008037044	-0.107043643078731
0.217268529894743	0.628128443419577	0.368799706554374	0.256871825271338	-0.111927881283036
0.268961936374793	0.578260534806342	0.364476340200711	0.163601572133051	-0.20087476806766
0.202543594000953	0.473394358588766	0.236151733613559	0.147224724242156	-0.0889270093714033
0.232028090770477	0.617436035082107	0.24092683226158	0.189444323937849	-0.0514825083237309
0.256829553013413	0.557772615747714	0.279460861486918	0.141008647431513	-0.138452214055405
0.211465873314549	0.392755086000547	0.307188606072213	0.112170762060336	-0.195017844011877
0.193986060572579	0.40753501852504	0.233934824560764	0.125092890645282	-0.108841933915481
0.217372388602555	0.46221310162211	0.315237320301329	0.136834316615697	-0.178403003685632
0.179934712193924	0.411807110717678	0.224288964474718	0.122292834330467	-0.101996130144251
0.166129126384747	0.432426199785442	0.177367080306322	0.135170509384266	-0.0421965709220564
0.183414410032738	0.460487486869015	0.357109990525493	0.251141715682047	-0.105968274843447
0.214642925419474	0.412150442521166	0.284415416435326	0.135423297120464	-0.148992119314862
0.235765476889799	0.634434891783815	0.538974373576413	0.35817850193965	-0.180795871636763
0.209944538291596	0.43219250394505	0.406956290819143	0.205345849728768	-0.201610441090376
0.233337623005543	0.719139055159407	0.333720817413073	0.25885637143438	-0.0748644459786926
0.281084677191373	0.597971257398383	0.46488923643515	0.194222767010756	-0.270666469424394
0.37487579716325	0.807734005836994	0.429879352186057	0.197258657131952	-0.232620695054105
0.263748099475411	0.563904450351881	0.339247272064378	0.19824430818062	-0.141002963883759
0.220981228671124	0.470207861627352	0.216842294720352	0.115198947773665	-0.101643346946688
0.22024732656777	0.489403560873779	0.331950054504101	0.237527963160387	-0.0944220913437136
0.239251232648356	0.591657994528515	0.373276718942098	0.226308095347722	-0.146968623594376
0.229548574240751	0.549549153777605	0.379035292163742	0.24456358171701	-0.134471710446733
0.268206167264813	0.611132736320823	0.381251202024942	0.192253749297014	-0.188997452727928
0.2848875578817	0.697461246085595	0.291753496388956	0.164390677957602	-0.127362818431354
0.167877490337337	0.449509752941637	0.285655277571106	0.168222862450358	-0.117432415120749
0.320386189329167	0.893249739969801	0.31513640709585	0.203873396869214	-0.111263010226636
0.187798072898109	0.458441475250336	0.35037866682321	0.214392468740802	-0.135986198082408
0.240182755564461	0.571930273412396	0.405881069958382	0.188486630331883	-0.217394439626499
0.237115674083162	0.451844089509613	0.374696809338991	0.154200263728352	-0.220496545610639
0.146454929562371	0.363731500097314	0.197883217055999	0.143090166091943	-0.0547930509640558
0.204459721141792	0.475915591215913	0.264640227175977	0.138733811785126	-0.125906415390851
0.176855149231057	0.441603130172197	0.176388633541358	0.12582338548884	-0.0505652480525189
0.177930168023543	0.582075216130847	0.217822114114552	0.241925528336115	0.0241034142215622
0.184740446488914	0.610470174630104	0.290424205338617	0.236154253550871	-0.0542699517877462
0.218383892309887	0.457731956142015	0.36905611801325	0.202277436742255	-0.166778681270995
0.331058115474386	0.745878101513822	0.305403533804577	0.173983932725515	-0.131419601079062
0.226509123719329	0.537018214396614	0.296148230478894	0.19628015762159	-0.0998680728573039
0.256569911503551	0.635503710848109	0.400870862865342	0.229288525484434	-0.171582337380908
0.215572864145086	0.557630293942065	0.375663066856621	0.228500585051586	-0.147162481805035
0.265001766795531	0.714882157811919	0.416688327579464	0.300520291366349	-0.116168036213116
0.212695326546727	0.501492139388067	0.30772664342743	0.180083406186628	-0.127643237240802
0.223156575126236	0.569169975783981	0.510665076616354	0.269084831465626	-0.241580245150728
0.217057209772791	0.518337087710798	0.335122734599639	0.249504089338908	-0.0856186452607317
0.218660779852592	0.576663165334436	0.322847896914338	0.238196909783349	-0.0846509871309898
0.275818064093814	0.405874527845688	0.240004119704913	0.0591778638493585	-0.180826255855555
0.244070408196603	0.504339168073047	0.279615339155121	0.116050808687062	-0.163564530468059
0.182109855758879	0.433195850219794	0.307519095655317	0.17680121318305	-0.130717882472267
0.181152648543087	0.49904795598212	0.286809759606973	0.246311538346687	-0.0404982212602857
0.246498786766735	0.624640610771324	0.349650740465462	0.212294931416952	-0.13735580904851
0.219743240129023	0.587752232583672	0.391451138493332	0.225985524900318	-0.165465613593013
0.189692625288812	0.405122855228661	0.272504010882626	0.117799088720171	-0.154704922162455
0.260599408411358	0.550899632878493	0.313878215861824	0.141824513396918	-0.172053702464906
0.16906711314208	0.424047170704001	0.403680516064048	0.263840708849171	-0.139839807214877
0.196138361639848	0.558825477180033	0.365216662922906	0.250364495180766	-0.11485216774214
0.199510880302591	0.516912308417442	0.162701380267353	0.135747501766438	-0.0269538785009149
0.17108605712449	0.285136556386799	0.263788154726978	0.0934097051977841	-0.170378449529194
0.225725933895176	0.626756161519061	0.315847562688074	0.239040298187129	-0.0768072645009448
0.222295271800955	0.390159902510964	0.331926744610458	0.149093352540654	-0.182833392069804
0.261051242924666	0.614558552484203	0.41266284847157	0.188494755765337	-0.224168092706232
0.228167162972808	0.556945795761239	0.405739620601347	0.240213603545421	-0.165526017055926
0.236507440578315	0.481146791993267	0.381168339506244	0.178472459370338	-0.202695880135906
0.21021384109126	0.481868595372687	0.271693212493876	0.182527128840919	-0.0891660836529565
0.237234984589285	0.476239161993475	0.369376270419768	0.144837984969306	-0.224538285450462
