Univariate_LR_coefficients_null_raster	Univariate_LR_coefficients_duck_R	Univariate_LR_R2_null_raster	Univariate_LR_R2_duck_R	Univariate_LR_delta_R2_duck_R
0.148802698870237	0.0000119517782321901	0.375621711038683	0.0027926273284222	-0.372829083710261
0.143593909798947	0.00000524679478275626	0.423430126884949	0.000908685561381776	-0.422521441323567
0.154800868816597	-0.0000093128166741344	0.324502146643717	0.001104551223355	-0.323397595420362
0.149199647682995	-0.0000143254850671046	0.383218465199329	0.00459753320075004	-0.378620931998579
0.136401569212955	0.0000150062694779744	0.357528677260502	0.00561314420360427	-0.351915533056898
0.142400007698675	0.0000026892515886813	0.344323554655852	0.000100357475061048	-0.34422319718079
0.154520460036645	0.00000961190023859625	0.294610580905592	0.000305075541853417	-0.294305505363738
0.118731900775531	0.00000288332793923711	0.414342897458967	0.000208912988662288	-0.414133984470305
0.171958137613562	-0.00000680042365388701	0.371847331958319	0.000804249046864189	-0.371043082911455
0.140972515347768	0.00000333829221687644	0.457758620280468	0.000123376775879912	-0.457635243504589
0.12185448603428	0.00000467873041072862	0.291249638497486	0.0000861018473632624	-0.291163536650123
0.184557091518595	-0.0000119071641531345	0.445021377801348	0.00282090524789187	-0.442200472553456
0.16877559817113	0.00000384597022747851	0.370699803511284	0.000204223856919487	-0.370495579654365
0.131673008498407	-0.00000597194782164775	0.339601313457181	0.000993817559341252	-0.33860749589784
0.135460344707399	-0.0000134082351015834	0.412083100925598	0.00409805659771053	-0.407985044327887
0.132149073526607	-0.0000110893588128452	0.38087269821506	0.00138155148864844	-0.379491146726411
0.121375750059948	0.00000919252203501572	0.347885769836382	0.000691080187639123	-0.347194689648743
0.122330426886167	-0.00000446948535445086	0.463307192456798	0.000340247570699282	-0.462966944886099
0.130064054004673	0.0000136135820926087	0.376337778374672	0.00652778303899258	-0.36980999533568
0.09308818862467	-0.00000453575267341392	0.237200277279606	0.000290808238565329	-0.236909469041041
0.153007680066116	0.0000154067938401753	0.445278754607008	0.00355217567504322	-0.441726578931965
0.137255168769387	0.0000119055783310953	0.451957800165176	0.00206578886998526	-0.44989201129519
0.142107573305221	0.00000168555077234285	0.330098858733147	0.000130662504578891	-0.329968196228568
0.0885026493210563	0.00000279463602019125	0.248689705308718	0.000199066265583706	-0.248490639043135
0.123036771798049	-0.00000189324617560545	0.358596889626511	0.000144476259452966	-0.358452413367058
0.115355544743026	-0.00000189205857846597	0.408643860461073	0.0001299152799983	-0.408513945181075
0.164462831673758	0.0000181991969137973	0.478858295513728	0.00220548997313675	-0.476652805540591
0.131006808855112	0.0000202469614184408	0.30696036153858	0.00848004542262753	-0.298480316115952
0.164311306989961	0.0000109074615485522	0.389823065970057	0.000996391320853316	-0.388826674649203
0.127834190818011	0.0000278919152739735	0.304547092367896	0.0106316519125636	-0.293915440455333
0.108430688072253	0.0000284123835120989	0.253158436728872	0.0072358040199076	-0.245922632708965
0.13988862906077	0.0000112224325364539	0.403362324437484	0.00393402634884289	-0.399428298088641
0.151550607383748	-0.0000141366941251817	0.43513748031046	0.00232311962551163	-0.432814360684948
0.127887786146586	-0.000000724765360498041	0.365664042768995	0.0000396606950423916	-0.365624382073952
0.129556232439301	0.00000757980268621938	0.408863725656468	0.001716748442194	-0.407146977214274
0.135787786153781	0.0000765306665636004	0.476262426393731	0.0665495820370726	-0.409712844356658
0.141820530936264	-0.00001060427866922	0.564354810288391	0.00346131107593735	-0.560893499212454
0.129826352811582	-0.00000276085363465372	0.410976040771729	0.000582542304879801	-0.410393498466849
0.133190825962429	-0.00000879118508504564	0.414287609168802	0.00122670310422684	-0.413060906064575
0.104568926252857	0.0000147461269379317	0.276699563178689	0.00303491302695417	-0.273664650151734
0.194696156329604	0.0000329130893702723	0.347063920800137	0.011297225014777	-0.33576669578536
0.125229697681299	0.00000662870334146013	0.317099396634416	0.000571485292788957	-0.316527911341627
0.107007905889504	-0.00000957354551683025	0.337319216577526	0.00269153741150551	-0.334627679166021
0.109303281449091	0.0000242680166128114	0.333448693729977	0.0143010434712967	-0.31914765025868
0.0880102993557107	-0.00000859586572673271	0.222006382735384	0.00368911271324858	-0.218317270022135
0.0992900906364064	0.0000434799112942203	0.326451403628761	0.100213368180091	-0.22623803544867
0.16167411389264	0.0000169606003725738	0.3885753279518	0.0083455804703482	-0.380229747481452
0.170000141858478	0.0000154004569453727	0.362226908234635	0.00146163882360471	-0.36076526941103
0.11082735887724	-0.0000129243630131042	0.275202527851895	0.0085677204927853	-0.26663480735911
0.11593014382985	-0.00000334640550296199	0.364043047201788	0.00038404439430797	-0.36365900280748
0.167150258214366	0.00000941948402342354	0.448748873696486	0.00127276340738958	-0.447476110289097
0.13314775025399	-0.00000712914049899492	0.392777647222991	0.000610013094168033	-0.392167634128823
0.167672792905717	-0.00000518281190949034	0.404509972434094	0.000611263812603279	-0.403898708621491
0.129699280221307	0.0000029220406468949	0.344560824373908	0.000150915972425756	-0.344409908401482
0.176916223653909	0.00000312468974044255	0.516521901741567	0.000258820317494356	-0.516263081424073
0.145201160571887	0.0000117088373187094	0.420418982535756	0.00236391131602473	-0.418055071219731
0.114635862297846	0.0000105432120060073	0.431523045166993	0.00122844728726639	-0.430294597879726
0.117143793815877	0.00000272736629409831	0.396585005870972	0.000176904221514388	-0.396408101649458
0.0870625063374534	-0.00000198932321457292	0.257718271886878	0.000069303650440927	-0.257648968236437
0.135108104602073	0.00000579389210227017	0.378987912988676	0.00199296528706392	-0.376994947701612
0.146639359363019	-0.0000114244074056585	0.436648256075214	0.00226068588533376	-0.43438757018988
0.130476185523928	0.0000255788768611124	0.370767940333651	0.00812007419051309	-0.362647866143138
0.116306417155587	0.0000168756799905029	0.343461800556391	0.00154934698243976	-0.341912453573951
0.183945690487554	-0.00000833701685969349	0.496368538805253	0.00144544836599465	-0.494923090439259
0.164721949805859	-0.00000240026001531543	0.423955448388715	0.000131036935888617	-0.423824411452826
0.119600213666797	0.0000192177808197725	0.43133546117367	0.00869579781972498	-0.422639663353945
0.151833001313039	-0.00000291580858911269	0.340274846088486	0.00021081603362209	-0.340064030054864
0.136403500858624	0.00000456665455383518	0.348641642649928	0.000186642109536387	-0.348455000540392
0.124327349024726	-0.00000702300713312385	0.336166688423441	0.000240889081423131	-0.335925799342018
0.133658570275105	0.000017853285080185	0.338975152182006	0.00366256898026716	-0.335312583201739
0.123487921406983	0.0000278961377163968	0.3215678137205	0.00841186388526844	-0.313155949835232
0.121252384667388	-0.0000079124048522549	0.325263058382188	0.00206433118813387	-0.323198727194054
0.107972413309189	0.00000875055972937527	0.30923539760129	0.00137717862127705	-0.307858218980013
0.181471733620032	-0.00000598069399154906	0.475122128049267	0.000984566184760013	-0.474137561864507
0.128669935216084	-0.00000404457197466191	0.339655162518084	0.000864280726433728	-0.33879088179165
0.125621871072381	0.0000131875184143363	0.39653923494137	0.00414010841272692	-0.392399126528643
0.152346285315827	-0.00000777228281026195	0.426006367053557	0.00109546833462002	-0.424910898718937
0.13337577904612	-0.00000312661410966524	0.525314504310223	0.000373799064520142	-0.524940705245703
0.110921681684574	0.00000858766331500406	0.320539986614553	0.00088757145234281	-0.31965241516221
0.121858424335987	-0.00000129239569409105	0.373159555344266	0.0000500391558668895	-0.373109516188399
0.138685400897895	0.0000133418335198838	0.392712456250276	0.00239004284476203	-0.390322413405514
0.132024449623663	-0.0000137964917926149	0.325445237787266	0.00502851965285329	-0.320416718134413
0.113625817065911	0.000000616390360091443	0.332670855908199	0.0000126673767212047	-0.332658188531477
0.125687827460263	0.0000427745297339016	0.410342341499858	0.0214470244066566	-0.388895317093201
0.138462875882502	0.0000513692144953523	0.437437292537476	0.0327129394850245	-0.404724353052452
0.131226355430483	0.0000387076989761838	0.379820608259846	0.0149090407942476	-0.364911567465599
0.137800698400502	0.00000592016296541303	0.4375015323781	0.000399906880325298	-0.437101625497775
0.155535394705359	0.0000224127423109666	0.49296307481235	0.00675927397692962	-0.486203800835421
0.152237761572859	0.00000142403241544898	0.491360179691364	0.000031319278509112	-0.491328860412855
0.116582560003466	0.0000210015898381468	0.417031646838128	0.00450383818441245	-0.412527808653716
0.127958896704205	0.0000117778707258543	0.359036306361122	0.00177694877795224	-0.357259357583169
0.113936709889543	0.00000133221870172665	0.433361389374577	0.0000362137480041071	-0.433325175626573
0.135476171534611	0.00000622896394189768	0.379699593699088	0.000738376699540765	-0.378961216999547
0.128712336465155	0.0000127618104669776	0.452730997369627	0.00616790327971264	-0.446563094089914
0.13243545005763	0.0000260650729209758	0.333471373346278	0.00622699112660097	-0.327244382219677
0.127159206067	0.00000364791979129895	0.393265342773198	0.000222501356869897	-0.393042841416328
0.146437519152071	0.000000908851413324683	0.323240179001803	0.00000697852407626688	-0.323233200477727
0.138927646530654	0.000053227877161234	0.341457867577443	0.0308652100387481	-0.310592657538695
0.138023904922354	0.000045467064631055	0.403113427741999	0.0163339396104328	-0.386779488131566
0.142793317506704	-0.000000340781310615243	0.434057314961103	0.00000933133090558554	-0.434047983630197
