Univariate_LR_coefficients_null_raster	Univariate_LR_coefficients_duck_C	Univariate_LR_R2_null_raster	Univariate_LR_R2_duck_C	Univariate_LR_delta_R2_duck_C
0.148802698870237	1.02164289006805	0.375621711038683	0.152383000017267	-0.223238711021417
0.143593909798947	0.980998299621661	0.423430126884949	0.198169296173486	-0.225260830711463
0.154800868816597	1.00589185364693	0.324502146643717	0.118976271903033	-0.205525874740684
0.149199647682995	0.862778052921451	0.383218465199329	0.116601902343311	-0.266616562856018
0.136401569212955	1.03699047218798	0.357528677260502	0.16642943145862	-0.191099245801882
0.142400007698675	1.04941884343531	0.344323554655852	0.146829287827585	-0.197494266828267
0.154520460036645	0.761900114993784	0.294610580905592	0.0622217578661147	-0.232388823039477
0.118731900775531	0.664356371465537	0.414342897458967	0.0925956841035407	-0.321747213355426
0.171958137613562	0.948704211816925	0.371847331958319	0.106297761008324	-0.265549570949995
0.140972515347768	0.811532315816911	0.457758620280468	0.0960456593065705	-0.361712960973898
0.12185448603428	0.722232921907639	0.291249638497486	0.0814981027968793	-0.209751535700607
0.184557091518595	1.06066037324493	0.445021377801348	0.124753958583936	-0.320267419217412
0.16877559817113	1.07261968152891	0.370699803511284	0.127045868618311	-0.243653934892974
0.131673008498407	0.537878265679445	0.339601313457181	0.0471831101842012	-0.29241820327298
0.135460344707399	0.744484173254518	0.412083100925598	0.10980951311335	-0.302273587812247
0.132149073526607	0.928065497922487	0.38087269821506	0.154274644043063	-0.226598054171997
0.121375750059948	0.803116639036008	0.347885769836382	0.0890622406232844	-0.258823529213098
0.122330426886167	0.8812997149116	0.463307192456798	0.153485037325943	-0.309822155130856
0.130064054004673	0.472615912700323	0.376337778374672	0.030774222178835	-0.345563556195837
0.09308818862467	0.4593319013698	0.237200277279606	0.0435313736760957	-0.193668903603511
0.153007680066116	0.925612546057836	0.445278754607008	0.123776703739698	-0.32150205086731
0.137255168769387	0.97710217961301	0.451957800165176	0.155974607816019	-0.295983192349156
0.142107573305221	0.86369983250815	0.330098858733147	0.10596110910067	-0.224137749632477
0.0885026493210563	0.624951206812935	0.248689705308718	0.0847511039858822	-0.163938601322836
0.123036771798049	0.640736715086931	0.358596889626511	0.0775061707337882	-0.281090718892723
0.115355544743026	0.830341662395577	0.408643860461073	0.119051641119019	-0.289592219342054
0.164462831673758	1.06760089424038	0.478858295513728	0.145001684440838	-0.33385661107289
0.131006808855112	0.496451584630225	0.30696036153858	0.038806871581184	-0.268153489957396
0.164311306989961	0.873853082221081	0.389823065970057	0.0945683271577352	-0.295254738812322
0.127834190818011	1.11832551797091	0.304547092367896	0.183637128637099	-0.120909963730798
0.108430688072253	0.506502914177267	0.253158436728872	0.0453504324602713	-0.207808004268601
0.13988862906077	1.24587511469307	0.403362324437484	0.220345065969207	-0.183017258468278
0.151550607383748	0.943243514070123	0.43513748031046	0.131195633404829	-0.303941846905631
0.127887786146586	0.799404840881068	0.365664042768995	0.129204345426176	-0.236459697342819
0.129556232439301	0.454857378090559	0.408863725656468	0.0419179774598791	-0.366945748196589
0.135787786153781	0.798670479353251	0.476262426393731	0.130016558245525	-0.346245868148206
0.141820530936264	0.931144771382535	0.564354810288391	0.169099385095126	-0.395255425193265
0.129826352811582	0.607235943180266	0.410976040771729	0.0804174330230008	-0.330558607748728
0.133190825962429	0.831221562030144	0.414287609168802	0.143381227867245	-0.270906381301557
0.104568926252857	0.452880055897731	0.276699563178689	0.0439819330286336	-0.232717630150055
0.194696156329604	2.03498068320724	0.347063920800137	0.086878153103224	-0.260185767696913
0.125229697681299	0.910912590062411	0.317099396634416	0.116636567024545	-0.200462829609871
0.107007905889504	0.609463140638479	0.337319216577526	0.0820001004027218	-0.255319116174804
0.109303281449091	0.88283207142207	0.333448693729977	0.127181778038152	-0.206266915691825
0.0880102993557107	0.423500163683823	0.222006382735384	0.0407907690913538	-0.18121561364403
0.0992900906364064	0.31536803823293	0.326451403628761	0.0171337531256825	-0.309317650503079
0.16167411389264	1.41839112028259	0.3885753279518	0.247271325846047	-0.141304002105753
0.170000141858478	0.876439664115248	0.362226908234635	0.0849364660015339	-0.277290442233101
0.11082735887724	0.555857337645717	0.275202527851895	0.0536227789676102	-0.221579748884285
0.11593014382985	0.770362458409645	0.364043047201788	0.124418172032284	-0.239624875169504
0.167150258214366	1.23863295698248	0.448748873696486	0.209590953954316	-0.239157919742171
0.13314775025399	0.959232096936696	0.392777647222991	0.143364680090255	-0.249412967132737
0.167672792905717	3.45862298796322	0.404509972434094	0.263464498658331	-0.141045473775763
0.129699280221307	0.751823887126587	0.344560824373908	0.0740746425478806	-0.270486181826028
0.176916223653909	1.09635446123175	0.516521901741567	0.171261141915285	-0.345260759826282
0.145201160571887	0.820425478308094	0.420418982535756	0.0986433540426121	-0.321775628493144
0.114635862297846	0.601622024711384	0.431523045166993	0.0603797116052611	-0.371143333561732
0.117143793815877	0.938986162957642	0.396585005870972	0.16498501639427	-0.231599989476703
0.0870625063374534	0.367001936195968	0.257718271886878	0.0320390263629944	-0.225679245523883
0.135108104602073	0.573763692255172	0.378987912988676	0.0490275785551642	-0.329960334433512
0.146639359363019	0.987388102960832	0.436648256075214	0.157080880563999	-0.279567375511215
0.130476185523928	0.696736943531058	0.370767940333651	0.0926664973987562	-0.278101442934895
0.116306417155587	0.734857900530799	0.343461800556391	0.0920932411250382	-0.251368559431353
0.183945690487554	1.09527565011369	0.496368538805253	0.157441686259673	-0.33892685254558
0.164721949805859	1.03147155769174	0.423955448388715	0.160769314843352	-0.263186133545363
0.119600213666797	0.818248491623336	0.43133546117367	0.127723437661943	-0.303612023511727
0.151833001313039	0.709998526086166	0.340274846088486	0.0626502184512087	-0.277624627637277
0.136403500858624	1.12439818208522	0.348641642649928	0.135271468840851	-0.213370173809077
0.124327349024726	0.597728894020337	0.336166688423441	0.0590504239170483	-0.277116264506393
0.133658570275105	0.421201007460338	0.338975152182006	0.0308662296906625	-0.308108922491343
0.123487921406983	0.486754601820848	0.3215678137205	0.0422472559889288	-0.279320557731571
0.121252384667388	0.475972360376394	0.325263058382188	0.0369757058805904	-0.288287352501598
0.107972413309189	0.435436176459215	0.30923539760129	0.0388440163411242	-0.270391381260166
0.181471733620032	0.976133043168054	0.475122128049267	0.110001756246685	-0.365120371802582
0.128669935216084	0.649400812240463	0.339655162518084	0.071681725861299	-0.267973436656785
0.125621871072381	0.675816797579824	0.39653923494137	0.0692162827233023	-0.327322952218068
0.152346285315827	3.49935684888863	0.426006367053557	0.385554806868517	-0.0404515601850401
0.13337577904612	0.862032714127052	0.525314504310223	0.141960334204172	-0.383354170106051
0.110921681684574	0.748900873890643	0.320539986614553	0.0987605029256183	-0.221779483688935
0.121858424335987	0.48494873956397	0.373159555344266	0.0442737991526543	-0.328885756191612
0.138685400897895	0.885453454453894	0.392712456250276	0.113685833794311	-0.279026622455964
0.132024449623663	0.583115482461021	0.325445237787266	0.0580053082209209	-0.267439929566345
0.113625817065911	0.550108930982218	0.332670855908199	0.062135838741326	-0.270535017166873
0.125687827460263	0.616683664974515	0.410342341499858	0.0582202529452573	-0.352122088554601
0.138462875882502	1.14943916091421	0.437437292537476	0.213951463555045	-0.223485828982431
0.131226355430483	0.883595262805868	0.379820608259846	0.130841421004059	-0.248979187255787
0.137800698400502	0.888180989405198	0.4375015323781	0.142434166812229	-0.295067365565872
0.155535394705359	0.956208691478935	0.49296307481235	0.125719311823609	-0.367243762988741
0.152237761572859	0.827971912684008	0.491360179691364	0.11294492759727	-0.378415252094094
0.116582560003466	0.801206197770054	0.417031646838128	0.103787114758672	-0.313244532079457
0.127958896704205	0.761097589057404	0.359036306361122	0.092274321837301	-0.266761984523821
0.113936709889543	0.536363973405334	0.433361389374577	0.0601916427554935	-0.373169746619083
0.135476171534611	0.68424521771338	0.379699593699088	0.0649283576256944	-0.314771236073393
0.128712336465155	0.902929308031074	0.452730997369627	0.128778111548188	-0.323952885821439
0.13243545005763	0.600333560739564	0.333471373346278	0.050163087299807	-0.283308286046471
0.127159206067	0.954376781379624	0.393265342773198	0.16414951011872	-0.229115832654478
0.146437519152071	1.07084932741646	0.323240179001803	0.114875097505554	-0.208365081496249
0.138927646530654	0.718987568151145	0.341457867577443	0.0660513566651455	-0.275406510912297
0.138023904922354	0.985421766345556	0.403113427741999	0.130785250688781	-0.272328177053218
0.142793317506704	0.668232705924894	0.434057314961103	0.0786830516956835	-0.355374263265419
