Univariate_LR_coefficients_null_raster	Univariate_LR_coefficients_Flyway_Ans_R	Univariate_LR_R2_null_raster	Univariate_LR_R2_Flyway_Ans_R	Univariate_LR_delta_R2_Flyway_Ans_R
0.222819522244156	0.205018380853633	0.225790609005007	0.209470006977102	-0.0163206020279047
0.30323869358435	0.278006781403797	0.251825580364646	0.232010930828054	-0.0198146495365916
0.205667273279815	0.194278228192302	0.348586858615999	0.330726359214871	-0.017860499401128
0.198107318385253	0.188564778791586	0.343317142018877	0.328687904158682	-0.0146292378601947
0.266017256220056	0.24825248476438	0.373164257482372	0.346932542453868	-0.0262317150285034
0.223004802734047	0.215223567974306	0.452085105192932	0.441263569415331	-0.0108215357776006
0.325693178625149	0.315081250173035	0.469895501528423	0.455146306128737	-0.0147491953996865
0.312788566151232	0.296251422341053	0.400137607691373	0.379486093832867	-0.0206515138585062
0.263360018296483	0.24833330412624	0.388001255005143	0.366048976719529	-0.0219522782856144
0.253337589858094	0.234755417276732	0.305782178200249	0.281966557332457	-0.023815620867792
0.276411448712494	0.26240668511958	0.300161468778702	0.28475672444122	-0.0154047443374815
0.163793104152798	0.154435799742433	0.340544575615153	0.320128119907983	-0.0204164557071702
0.21068708672015	0.199965986750016	0.382997249662793	0.370901550563403	-0.0120956990993896
0.205096837255184	0.194548474060831	0.161117493075028	0.15317606476138	-0.00794142831364872
0.201199870827006	0.192234676824224	0.394514784874963	0.377049777022391	-0.0174650078525723
0.260538936296584	0.241333435508175	0.353927097924863	0.327527723877965	-0.0263993740468974
0.190867574689895	0.180461072195392	0.333128451153511	0.314883322071805	-0.0182451290817062
0.180410147012328	0.169441334594289	0.219906921992264	0.207753538518372	-0.0121533834738914
0.255426355962294	0.242205081232807	0.298627472054518	0.282108032251276	-0.0165194398032414
0.197287392065138	0.18606327486296	0.225581198976633	0.213102928489153	-0.0124782704874807
0.201639024924044	0.190873600734989	0.338053924833599	0.324700411874915	-0.0133535129586839
0.180680129653145	0.171271163670149	0.222518713436317	0.212633000358025	-0.00988571307829278
0.246080598351616	0.236047248231521	0.472562044388236	0.454813441027122	-0.0177486033611142
0.200178833629194	0.190623743451644	0.235506045078312	0.22537546814911	-0.0101305769292022
0.269880938946026	0.250069473713466	0.383265300094942	0.356199381401604	-0.027065918693338
0.180139242829934	0.167865723980146	0.171586484100425	0.159460881822018	-0.0121256022784063
0.243953345727508	0.228696920152854	0.291358036734729	0.271323100910866	-0.0200349358238634
0.247983374684704	0.232595711285997	0.271182892971096	0.253814127883087	-0.0173687650880098
0.25902912312164	0.243435484395755	0.385862743673191	0.36182744386096	-0.0240352998122301
0.258190676386045	0.243991260460076	0.303776104195299	0.290899419848056	-0.0128766843472425
0.209824007476643	0.199815698451572	0.279499323142856	0.270240535550718	-0.00925878759213777
0.211241343695487	0.203295560241777	0.383919859059414	0.371008340224148	-0.0129115188352661
0.244995465934506	0.229347056801368	0.342221800463975	0.319002576122651	-0.0232192243413237
0.212406899088952	0.201722568978032	0.324653368016391	0.310307004621973	-0.0143463633944182
0.296152762230786	0.280245481042458	0.412730472893574	0.392630825147784	-0.0200996477457899
0.206031280547657	0.195466684294985	0.286827253460397	0.277371783960709	-0.00945546949968828
0.192919142990522	0.17796807027398	0.340349651115775	0.3201801162002	-0.0201695349155752
0.217268529894743	0.205264491407673	0.368799706554374	0.349751401242578	-0.019048305311796
0.268961936374793	0.255247425469154	0.364476340200711	0.348989748977814	-0.015486591222897
0.202543594000953	0.187896634400246	0.236151733613559	0.217555033484959	-0.0185967001285995
0.232028090770477	0.218454671945067	0.24092683226158	0.227454714659981	-0.0134721176015992
0.256829553013413	0.244664376166228	0.279460861486918	0.267294481416877	-0.0121663800700413
0.211465873314549	0.198970520838861	0.307188606072213	0.290006202991897	-0.0171824030803168
0.193986060572579	0.181308820921829	0.233934824560764	0.21989039606271	-0.0140444284980536
0.217372388602555	0.206129733372375	0.315237320301329	0.299802194404965	-0.0154351258963634
0.179934712193924	0.170879524985149	0.224288964474718	0.213525715583575	-0.0107632488911431
0.166129126384747	0.156982432696792	0.177367080306322	0.168155402313205	-0.00921167799311651
0.183414410032738	0.168292826873903	0.357109990525493	0.324762880806583	-0.0323471097189103
0.214642925419474	0.202072785083467	0.284415416435326	0.27181772827631	-0.0125976881590159
0.235765476889799	0.225838209564456	0.538974373576413	0.518363157793571	-0.0206112157828416
0.209944538291596	0.197957886762556	0.406956290819143	0.388075357316683	-0.0188809335024598
0.233337623005543	0.221508587662934	0.333720817413073	0.317693465577043	-0.0160273518360298
0.281084677191373	0.269612613847768	0.46488923643515	0.44593393986967	-0.0189552965654806
0.37487579716325	0.354130248422822	0.429879352186057	0.408203690510369	-0.0216756616756889
0.263748099475411	0.249611358501197	0.339247272064378	0.324742248405032	-0.0145050236593464
0.220981228671124	0.208846929657401	0.216842294720352	0.203919124292135	-0.0129231704282173
0.22024732656777	0.208249087917653	0.331950054504101	0.313410383007963	-0.0185396714961378
0.239251232648356	0.226872008286605	0.373276718942098	0.353883072512873	-0.019393646429225
0.229548574240751	0.217234626532777	0.379035292163742	0.359997074899001	-0.019038217264741
0.268206167264813	0.252060881710884	0.381251202024942	0.359303613832585	-0.0219475881923569
0.2848875578817	0.269063144473986	0.291753496388956	0.275531649244826	-0.0162218471441298
0.167877490337337	0.160030994128548	0.285655277571106	0.273634765209407	-0.0120205123616996
0.320386189329167	0.306049311408872	0.31513640709585	0.301307836148407	-0.0138285709474426
0.187798072898109	0.177380767445743	0.35037866682321	0.333110580102365	-0.017268086720845
0.240182755564461	0.225692260263189	0.405881069958382	0.383455235606999	-0.0224258343513832
0.237115674083162	0.22568410608346	0.374696809338991	0.359001296318715	-0.0156955130202755
0.146454929562371	0.139798732792979	0.197883217055999	0.18997334575817	-0.00790987129782905
0.204459721141792	0.19172166082764	0.264640227175977	0.247064779632478	-0.0175754475434989
0.176855149231057	0.168911960578896	0.176388633541358	0.171351863670942	-0.00503676987041632
0.177930168023543	0.166105225260978	0.217822114114552	0.20420301289246	-0.0136191012220925
0.184740446488914	0.173531470635395	0.290424205338617	0.27213076702757	-0.0182934383110463
0.218383892309887	0.205335638337436	0.36905611801325	0.345184363980257	-0.0238717540329925
0.331058115474386	0.316516248313112	0.305403533804577	0.29413566873857	-0.0112678650660071
0.226509123719329	0.211460299494521	0.296148230478894	0.277758558274555	-0.0183896722043386
0.256569911503551	0.239766010340533	0.400870862865342	0.373212217091003	-0.0276586457743383
0.215572864145086	0.205589335693382	0.375663066856621	0.365348371866588	-0.010314694990033
0.265001766795531	0.24683034535805	0.416688327579464	0.388047990564558	-0.0286403370149058
0.212695326546727	0.201069513935842	0.30772664342743	0.294205031098403	-0.0135216123290273
0.223156575126236	0.215219544682108	0.510665076616354	0.493785875582926	-0.0168792010334276
0.217057209772791	0.201826462354839	0.335122734599639	0.309861335023202	-0.0252613995764372
0.218660779852592	0.209066465096175	0.322847896914338	0.310293188631115	-0.0125547082832235
0.275818064093814	0.260736570502517	0.240004119704913	0.227662238545376	-0.0123418811595369
0.244070408196603	0.227556386690197	0.279615339155121	0.261073476627809	-0.0185418625273126
0.182109855758879	0.174431600032579	0.307519095655317	0.292908903690799	-0.0146101919645179
0.181152648543087	0.170389525577516	0.286809759606973	0.269866652253994	-0.0169431073529785
0.246498786766735	0.233283062288988	0.349650740465462	0.332104845092887	-0.0175458953725746
0.219743240129023	0.209379024844352	0.391451138493332	0.372911346210188	-0.0185397922831437
0.189692625288812	0.179015391211163	0.272504010882626	0.262078174139742	-0.0104258367428837
0.260599408411358	0.2468647685355	0.313878215861824	0.298586176666412	-0.015292039195412
0.16906711314208	0.160961940494108	0.403680516064048	0.384645864839368	-0.0190346512246801
0.196138361639848	0.187565530348118	0.365216662922906	0.349853085638258	-0.0153635772846482
0.199510880302591	0.187981830006698	0.162701380267353	0.153446493519682	-0.00925488674767092
0.17108605712449	0.161449313376742	0.263788154726978	0.251809293083797	-0.0119788616431807
0.225725933895176	0.21362979096575	0.315847562688074	0.299143160310742	-0.0167044023773325
0.222295271800955	0.212200682814959	0.331926744610458	0.318406789254862	-0.0135199553555963
0.261051242924666	0.247159133297053	0.41266284847157	0.393763830529215	-0.0188990179423544
0.228167162972808	0.214329447200246	0.405739620601347	0.380366095092484	-0.0253735255088632
0.236507440578315	0.223632961285518	0.381168339506244	0.36119955195484	-0.019968787551404
0.21021384109126	0.192112139238051	0.271693212493876	0.244915399837506	-0.0267778126563701
0.237234984589285	0.220386505357077	0.369376270419768	0.349489962402537	-0.0198863080172301
