Univariate_LR_coefficients_null_raster	Univariate_LR_coefficients_Flyway_Pas_C	Univariate_LR_R2_null_raster	Univariate_LR_R2_Flyway_Pas_C	Univariate_LR_delta_R2_Flyway_Pas_C
0.151037596253434	0.221994673263815	0.388325426211782	0.422270817105707	0.033945390893925
0.142351138918963	0.198738354794501	0.436539917974483	0.412593462975446	-0.0239464549990363
0.15061894103494	0.228415977920912	0.331484844169957	0.351879777866744	0.0203949336967865
0.149109501396845	0.212932227394369	0.391100929521009	0.383194143881985	-0.00790678563902442
0.138266030192787	0.212935663118972	0.356658123281561	0.379334081521083	0.0226759582395217
0.134413272461843	0.193596380828197	0.330923808029505	0.325091743799022	-0.00583206423048321
0.155307271787103	0.223202346670632	0.310004758301913	0.330269912075762	0.0202651537738492
0.119355114818103	0.170438973577626	0.400810233416745	0.388029271126323	-0.0127809622904219
0.174478796573689	0.252270562832684	0.381230953168027	0.384560185727136	0.00332923255910922
0.141288382665203	0.203229329850938	0.460137053713518	0.47822992001293	0.0180928662994119
0.124977933278092	0.1955373762584	0.312145938476485	0.349214901136679	0.0370689626601935
0.185951839082199	0.280258437759728	0.451731478046589	0.490886111723938	0.0391546336773488
0.168564799701209	0.234912672059073	0.377600859698911	0.362847191708602	-0.0147536679903087
0.14135447652732	0.219073429164082	0.413702606823832	0.459687396434573	0.0459847896107405
0.134935570076318	0.190956215445565	0.419738184440104	0.438216541068469	0.0184783566283642
0.130515677604834	0.193612780145373	0.397665040346926	0.410658297243141	0.0129932568962149
0.118385804491202	0.165693499441869	0.339165400049451	0.326666215153237	-0.0124991848962135
0.127284746478565	0.174898624576912	0.476114711898614	0.470035129088465	-0.00607958281014892
0.131660802094227	0.185930396722749	0.384057067358761	0.397765777402059	0.0137087100432974
0.111963322227191	0.168501356682074	0.3062869797441	0.32633046014546	0.0200434804013597
0.149408681848003	0.215001997394928	0.447118584520673	0.455477742333335	0.00835915781266144
0.13640914292868	0.194221144063808	0.456014578378146	0.45207794189244	-0.00393663648570652
0.143259365536412	0.199272731737002	0.33308702249657	0.320097640595981	-0.0129893819005887
0.0889051014579	0.133168306976382	0.266434951177938	0.273273492014932	0.00683854083699431
0.131796710628302	0.188615270654549	0.412682574149289	0.436881633526732	0.0241990593774427
0.115786231625102	0.166022032912533	0.410285761144215	0.413795701968587	0.00350994082437245
0.163143613161208	0.241575867362241	0.473531814679412	0.500126663200447	0.0265948485210353
0.13198902519245	0.189436196607278	0.313350476519462	0.322577969810147	0.00922749329068512
0.164516550807871	0.243624015481265	0.398229545449678	0.418639162637536	0.0204096171878584
0.128529485068277	0.183466703313454	0.308367486609988	0.291751367613236	-0.0166161189967526
0.116678355444994	0.176667398749023	0.24522814058283	0.254916521399781	0.00968838081695142
0.138825719796921	0.211545665211511	0.389492704390551	0.374980067419816	-0.0145126369707346
0.147276902921486	0.213813278543866	0.431945154610262	0.428407967820664	-0.00353718678959763
0.130123660943006	0.198367157526507	0.377802715056061	0.402840154522706	0.0250374394666452
0.128381053985146	0.187740308189592	0.418256084433854	0.433988053627765	0.0157319691939108
0.129341129764886	0.176372532403831	0.443109278248909	0.413547996929149	-0.0295612813197597
0.140733327238492	0.212720007349101	0.556004129907417	0.581517109918404	0.0255129800109862
0.129607834256173	0.183703804373026	0.409368574888041	0.400210959592373	-0.00915761529566728
0.137703504654396	0.198272435707023	0.410167750547781	0.41316276689934	0.00299501635155897
0.104801394527245	0.146925934076869	0.287285254424253	0.265529256557199	-0.0217559978670547
0.167174317588601	0.250086910314558	0.341025919299594	0.370185953189196	0.0291600338896016
0.12730027966483	0.186827973667215	0.334713137238643	0.322979052735077	-0.0117340845035659
0.1081132237092	0.161414860001216	0.340713748996775	0.365489466541506	0.0247757175447317
0.109772319157903	0.15665412348808	0.344956972434441	0.32829435008731	-0.016662622347131
0.10200738123783	0.160747243037014	0.303232283563617	0.345742671330051	0.0425103877664339
0.115063078355839	0.157063710694981	0.325618866620299	0.295574181256178	-0.0300446853641207
0.16098771583314	0.227822303705396	0.3925870828435	0.385071154341789	-0.00751592850171107
0.168508375632228	0.247229779082633	0.369860938295555	0.402584048812995	0.0327231105174404
0.115524921683664	0.185083807668224	0.283221313477317	0.339445113962162	0.0562238004848453
0.113222392683958	0.1633417780935	0.363338257183709	0.354568202631921	-0.00877005455178803
0.160074317167777	0.230774435929975	0.446458916200413	0.419424047293729	-0.0270348689066845
0.134538909177353	0.190015639519192	0.398434881653583	0.403678011671949	0.00524313001836679
0.154685758255744	0.21889912350646	0.407572357341492	0.426701985069135	0.0191296277276429
0.131499871809474	0.194637614943991	0.350865285964987	0.377431135827044	0.0265658498620575
0.179245833509231	0.268285623722046	0.523698251731677	0.512209504269023	-0.0114887474626535
0.1416152926257	0.202730046889585	0.408746925156795	0.388107981232259	-0.0206389439245359
0.115175501740913	0.164947768927743	0.438280052686114	0.447155684447255	0.00887563176114164
0.117677233389475	0.161022569554845	0.404352475520988	0.370626263366587	-0.0337262121544014
0.0871678636773959	0.122553956910759	0.256518043789323	0.252716209217662	-0.00380183457166078
0.132578063690766	0.191533970138719	0.393876286843974	0.411805430359199	0.0179291435152247
0.148361908571459	0.210102851166992	0.442696501892419	0.443622337548156	0.000925835655736729
0.133059345339793	0.181149705929437	0.381137641209691	0.369776351437987	-0.0113612897717044
0.115280887922619	0.174232392932176	0.351437997110314	0.391559480365691	0.0401214832553766
0.183696425724865	0.249671023400674	0.499796538519041	0.481005695058964	-0.0187908434600773
0.16586862579374	0.232676571245101	0.430358054294178	0.427017819013658	-0.00334023528051952
0.113283955565216	0.165433455719252	0.410592867716501	0.429893121889761	0.0193002541732603
0.15224562042628	0.223600812846736	0.345274607851177	0.366993783348488	0.0217191754973108
0.137794486054924	0.201656925786949	0.352482759955608	0.366951182467348	0.01446842251174
0.123095216636265	0.188371785144285	0.331659504291989	0.372561598995887	0.0409020947038975
0.133637220100116	0.195584657139331	0.332481498990924	0.3347715222523	0.00229002326137534
0.122242128033875	0.181071222539399	0.318689215192691	0.342661471231859	0.0239722560391673
0.120496163244956	0.177811290592014	0.335753214759489	0.361387513738558	0.0256342989790692
0.13722257444532	0.211787628530683	0.452798218821597	0.481858895711533	0.0290606768899357
0.178711881713771	0.258166239310741	0.475542436232579	0.471715697348197	-0.00382673888438217
0.123322246070839	0.177299812416657	0.346661925621143	0.354401715439042	0.00773978981789886
0.124279681786005	0.183913270677971	0.406775454353056	0.411164572960283	0.00438911860722674
0.135830654159284	0.199308647755757	0.425985651287653	0.43787410319445	0.0118884519067973
0.131345193517456	0.186198485645955	0.52595737351059	0.513242392434306	-0.0127149810762844
0.112318909188853	0.167179777085936	0.330360925357459	0.339195062731772	0.00883413737431349
0.121992474558882	0.169989507498551	0.381669225304199	0.366783367247236	-0.0148858580569627
0.138838712084905	0.202219990722382	0.397113191528455	0.393069015267942	-0.00404417626051307
0.13149849526972	0.190331315196663	0.33125081696619	0.325679049254119	-0.00557176771207024
0.110580113107625	0.16265066088036	0.327437118781315	0.327619570668325	0.000182451887009882
0.125707223790639	0.178633829426988	0.410386671888949	0.406434884070252	-0.00395178781869732
0.139297485914638	0.195602092252574	0.442613717073891	0.4204431157762	-0.0221706012976906
0.128207177271483	0.183121525428582	0.386081536053489	0.376030347603683	-0.0100511884498052
0.138352393681899	0.192215706911633	0.437551084124623	0.428736107213603	-0.00881497691102023
0.156306206832949	0.225401253488533	0.496619678050381	0.513227421436677	0.0166077433862958
0.152830980422082	0.217631845993875	0.493925520665032	0.477012300440438	-0.0169132202245939
0.117340594295432	0.17941813600601	0.413595109744601	0.445442520292599	0.0318474105479984
0.134922878221597	0.202719078544629	0.408494849188798	0.428756449883759	0.0202616006949607
0.11333203008771	0.159584956678067	0.42794490438022	0.438619895081221	0.0106749907010008
0.133849213473766	0.197348805773228	0.372434416577617	0.393946108762337	0.02151169218472
0.129178672334723	0.186693029325655	0.4537475173009	0.463107435664534	0.00935991836363431
0.130917784590757	0.199223738390406	0.338579693797105	0.358535915421225	0.01995622162412
0.126325944070198	0.179837743346956	0.409724282244662	0.403732818198512	-0.0059914640461502
0.14417257915046	0.202344641909548	0.332801844040762	0.336147072900019	0.00334522885925653
0.139695654442077	0.19976549336997	0.375935626385541	0.381216805276507	0.00528117889096552
0.136832968951474	0.196318395130463	0.410132866658084	0.415842618358789	0.0057097517007052
0.142736534443259	0.201330979824753	0.438231626330301	0.444587473685539	0.00635584735523764
