Univariate_LR_coefficients_null_raster	Univariate_LR_coefficients_gcrop_C	Univariate_LR_R2_null_raster	Univariate_LR_R2_gcrop_C	Univariate_LR_delta_R2_gcrop_C
0.500384782454601	0.681551377342734	0.529724608852601	0.538063155225	0.00833854637239928
0.598734101977677	0.805218131504389	0.310465847319546	0.320086634756147	0.00962078743660139
0.397733803848193	0.536411201283526	0.362807603232674	0.361193211207265	-0.0016143920254087
0.379702274638744	0.507366206214349	0.39258871916929	0.385972077972925	-0.00661664119636474
0.475676014185618	0.649455308864309	0.475778044516905	0.492153437521377	0.0163753930044714
0.481567273429568	0.662194111953123	0.362777139823593	0.370938190506668	0.00816105068307538
0.426731519872568	0.58561364505797	0.456431413562904	0.473316808583953	0.0168853950210491
0.402994589428909	0.526805100265483	0.375760211549618	0.359353154847728	-0.0164070567018897
0.556105674539595	0.737550654125861	0.543590561639994	0.535017420534302	-0.00857314110569252
0.485652799017552	0.640291363087423	0.532394677901439	0.513846905888951	-0.018547772012488
0.389239481185579	0.530961667393784	0.420633095893462	0.426099045197366	0.00546594930390437
0.406869850896763	0.539780417044735	0.523663905674913	0.519835132414986	-0.00382877325992703
0.724099687231873	0.970249180524208	0.439337421967761	0.448627592280441	0.00929017031268053
0.69184430446921	0.946347154845849	0.441242287796801	0.452785690404397	0.0115434026075961
0.406754153301763	0.549218721330157	0.338779133681712	0.340501947770149	0.00172281408843711
0.622013404250828	0.819210826335539	0.386967759624676	0.362841435861624	-0.0241263237630515
0.4644906836007	0.630995283249991	0.616330709938815	0.634013351139339	0.0176826412005243
0.474161031452312	0.640430776539019	0.365748978641581	0.377438965893049	0.0116899872514686
0.484134689476405	0.647926257297622	0.404365580607366	0.41288688625434	0.00852130564697368
0.406192443450864	0.549729260315118	0.410402333426672	0.410599365817356	0.000197032390683416
0.431673433897665	0.581801805367589	0.481153094265713	0.490494869342911	0.00934177507719869
0.435906408808703	0.605592247994471	0.578256834263428	0.57994015737858	0.00168332311515207
0.482186160281811	0.643360145335241	0.463957806884237	0.478918503732791	0.0149606968485537
0.35047244626973	0.478664220287885	0.450195550687902	0.467990956150983	0.0177954054630809
0.456026497921207	0.637657080945287	0.411078775608758	0.429016181001057	0.017937405392299
0.498496156873473	0.701720431523932	0.368703749461164	0.39572246916498	0.0270187197038157
0.429520856533532	0.578818617521213	0.469670388365547	0.465824525019345	-0.00384586334620124
0.549097979092012	0.758974372874042	0.458935834449754	0.476755252108661	0.017819417658907
0.393824641263865	0.523542240869936	0.336190937411826	0.320803676915371	-0.0153872604964556
0.363273053838869	0.473553239595139	0.432840580789488	0.410961218760373	-0.0218793620291152
0.40823964259397	0.541553954575616	0.421260825303892	0.417869635403771	-0.00339118990012183
0.362557138031507	0.480514254700639	0.39535641686789	0.384812189983935	-0.0105442268839543
0.350429342803703	0.465087995928284	0.408250401668753	0.411945869395644	0.00369546772689067
0.38654895135973	0.524733675865197	0.468821021312595	0.473802346350265	0.00498132503767057
0.350262757682986	0.456656483418549	0.426564492835173	0.413612292023976	-0.0129522008111976
0.384003525015585	0.51661431238659	0.460603493204345	0.476682842341447	0.0160793491371014
0.782976204893794	1.02390284943879	0.517983684916841	0.534052511104083	0.0160688261872416
0.429921587824571	0.575210022085169	0.42763785839022	0.440782189630905	0.0131443312406845
0.601550419709332	0.807856579133252	0.271673010477295	0.264030001239505	-0.00764300923779071
0.437938487407643	0.57894271852467	0.350973545675491	0.349943166732797	-0.00103037894269453
0.463057526076243	0.626438245327476	0.49810171486629	0.511068877856241	0.0129671629899514
0.570633711838618	0.763058567556317	0.367523319253551	0.370653219263461	0.00312990000991015
0.471344825821115	0.635030523288602	0.504167203690353	0.511925531036856	0.0077583273465035
0.291484590419602	0.386417687177404	0.278041608887947	0.272982255906853	-0.00505935298109444
0.349076385844539	0.45479970303385	0.328629981761808	0.323511567805874	-0.00511841395593321
0.352169866054658	0.469672968558289	0.423838106044178	0.432206845336737	0.00836873929255894
0.637857495274072	0.841948979379357	0.306167313362339	0.308302835889706	0.00213552252736698
0.518247310515415	0.711155175477721	0.408857281480034	0.431918899607254	0.0230616181272198
0.458480056801202	0.638738265375735	0.344433985112679	0.351061256220296	0.00662727110761663
0.595715418574304	0.784551542785498	0.466525849208692	0.471641956879034	0.00511610767034171
0.425908958064217	0.576679969739091	0.492623525085882	0.500517241932922	0.00789371684703999
0.365895239883394	0.489949869392765	0.436113431006194	0.440272709759626	0.00415927875343181
0.523599875767326	0.716138007699298	0.371771529138599	0.385448709450042	0.0136771803114432
0.592195918894034	0.81570745877203	0.48605633152856	0.534032631905611	0.0479763003770508
0.433339764031122	0.58414343349464	0.295232197681011	0.297743892249368	0.00251169456835698
0.41790951774112	0.563370051413108	0.528077663948426	0.517779403130901	-0.0102982608175253
0.425658940868453	0.579823008677096	0.32385053316737	0.317630317430444	-0.00622021573692572
0.5183700882234	0.693083410309208	0.443814065198077	0.447241594808676	0.00342752961059922
0.614880193416137	0.812526579100182	0.431971863847771	0.432213778898868	0.000241915051097275
0.624781515668878	0.790603949631632	0.328097817182146	0.297233428172577	-0.0308643890095687
0.492453529719684	0.650501313397122	0.544958969249247	0.553208862577045	0.00824989332779857
0.638426167714997	0.851312904787121	0.464959786668546	0.438925244358536	-0.0260345423100091
0.513830948050231	0.687142382269365	0.544148933071556	0.555280151577993	0.0111312185064365
0.421179212400409	0.568323371101345	0.234546411804383	0.229522093215876	-0.00502431858850694
0.539746120624576	0.744071062502446	0.503260395367419	0.537666441056318	0.034406045688899
0.34639660261548	0.468529107822649	0.387718135533337	0.392178173905004	0.00446003837166642
0.359748207175915	0.504395880467698	0.422808190547482	0.433961253542183	0.0111530629947012
0.529668199950621	0.738107989326662	0.393083571618718	0.409880791038533	0.0167972194198149
0.503836443891332	0.669914585806476	0.349344634254206	0.358863042169523	0.00951840791531761
0.445307776366745	0.623720596015557	0.357470915775356	0.372329303080485	0.0148583873051288
0.50884391058068	0.687557260282099	0.523446213188807	0.530736262876648	0.00729004968784108
0.67850646384122	0.976058449572342	0.378321932931629	0.418131327824561	0.0398093948929322
0.334359137556116	0.438946632097556	0.360191090554627	0.348219012150133	-0.011972078404494
0.472803191465967	0.619834602637923	0.441837458465318	0.426243043320586	-0.0155944151447322
0.50236130566053	0.673654629338393	0.603832337228195	0.606034742425221	0.00220240519702652
0.460086833679272	0.593165033157866	0.551333522374054	0.543841397992788	-0.00749212438126667
0.391380053180398	0.521677484633126	0.428815700396346	0.419448803812571	-0.00936689658377493
0.342679472505684	0.440035708450656	0.334598880793557	0.308239353897062	-0.0263595268964958
0.5275852124373	0.726992154463763	0.417158343587525	0.43286084288275	0.0157024992952258
0.455251986664696	0.594259102745772	0.285588959479963	0.265480694189711	-0.0201082652902522
0.584060532421462	0.808807194432688	0.355745791257498	0.359755664604224	0.00400987334672648
0.389236929323781	0.511711309350365	0.420850774510451	0.430080802081547	0.0092300275710957
0.420039594786873	0.572296262099033	0.47948357380304	0.473637599758597	-0.0058459740444432
0.488550608495617	0.665457369285646	0.466594559314174	0.462172240802484	-0.00442231851168956
0.453982331995129	0.615271832589118	0.441314082723752	0.446783447947439	0.00546936522368741
0.462943053530376	0.611337528084254	0.328487144577526	0.324153926389696	-0.00433321818783039
0.567516528937125	0.776943239473694	0.406199501875677	0.424457934289267	0.0182584324135896
0.42945382695097	0.581316614966083	0.528035352090369	0.532217674355197	0.00418232226482773
0.714851037671424	0.960632706359402	0.453218623797789	0.466270363919744	0.0130517401219554
0.435837006556497	0.609636822210999	0.364510317224136	0.382118157600204	0.0176078403760678
0.582217382621851	0.811541583850896	0.495971217759493	0.539866609145688	0.0438953913861951
0.468916651913795	0.622331375560146	0.516147330898754	0.519790748129492	0.00364341723073791
0.52092728559492	0.709395700711348	0.410231074621023	0.431040462421261	0.0208093878002373
0.583621869673265	0.79937002890462	0.406204166113235	0.431299081054933	0.0250949149416979
0.426030950138804	0.575283771182303	0.361963134362904	0.362729053672155	0.000765919309251128
0.54210649647442	0.741725920306367	0.526602714433551	0.533423495005754	0.00682078057220326
0.541082605889998	0.747302579453383	0.494019073613403	0.515577621172916	0.0215585475595129
0.596424577729177	0.767588001124867	0.430618977366973	0.428494424657068	-0.00212455270990491
0.369138984006783	0.482506581397666	0.462742872421341	0.454470769429874	-0.0082721029914663
0.361349041988196	0.461340291871092	0.433871380690419	0.409226529524358	-0.0246448511660611
