Univariate_LR_coefficients_null_raster	Univariate_LR_coefficients_Flyway_Pas_C	Univariate_LR_R2_null_raster	Univariate_LR_R2_Flyway_Pas_C	Univariate_LR_delta_R2_Flyway_Pas_C
0.500384782454601	0.670571727353131	0.529724608852601	0.497726168593967	-0.0319984402586339
0.598734101977677	0.811653311159991	0.310465847319546	0.299948981849128	-0.0105168654704172
0.397733803848193	0.524483681604612	0.362807603232674	0.348181507880842	-0.0146260953518323
0.379702274638744	0.539544818127795	0.39258871916929	0.388959847258039	-0.00362887191125078
0.475676014185618	0.675073109746861	0.475778044516905	0.49041434679754	0.0146363022806351
0.481567273429568	0.688423599058087	0.362777139823593	0.398196985625154	0.0354198458015614
0.426731519872568	0.604342523321542	0.456431413562904	0.467047604933751	0.0106161913708466
0.402994589428909	0.562371865513056	0.375760211549618	0.377096600952333	0.00133638940271469
0.556105674539595	0.759666270003137	0.543590561639994	0.522795070880916	-0.0207954907590781
0.485652799017552	0.65340277264031	0.532394677901439	0.51651283016017	-0.0158818477412693
0.389239481185579	0.571184665262247	0.420633095893462	0.442160856068856	0.0215277601753943
0.406869850896763	0.589522648528437	0.523663905674913	0.534491258166055	0.0108273524911412
0.724099687231873	1.01342747709561	0.439337421967761	0.436492870205019	-0.00284455176274145
0.69184430446921	0.954228279942877	0.441242287796801	0.440295404384986	-0.000946883411815425
0.406754153301763	0.574535317499211	0.338779133681712	0.338613745512474	-0.000165388169237835
0.622013404250828	0.820977058947208	0.386967759624676	0.318979528136741	-0.0679882314879341
0.4644906836007	0.667835601937341	0.616330709938815	0.598764745890173	-0.0175659640486421
0.474161031452312	0.676094782389005	0.365748978641581	0.408349590557685	0.0426006119161045
0.484134689476405	0.690546582886667	0.404365580607366	0.427595612895756	0.0232300322883902
0.406192443450864	0.563291931582337	0.410402333426672	0.390886793347483	-0.019515540079189
0.431673433897665	0.626572241415697	0.481153094265713	0.500134529209069	0.0189814349433562
0.435906408808703	0.599254140268865	0.578256834263428	0.564129387256254	-0.0141274470071739
0.482186160281811	0.676419208866953	0.463957806884237	0.469899228819847	0.00594142193560959
0.35047244626973	0.50252817728353	0.450195550687902	0.467152821827898	0.0169572711399956
0.456026497921207	0.661303996985148	0.411078775608758	0.431227460224104	0.0201486846153461
0.498496156873473	0.716292079140541	0.368703749461164	0.392799025092765	0.0240952756316012
0.429520856533532	0.59568147804679	0.469670388365547	0.460854542270835	-0.00881584609471137
0.549097979092012	0.789768905940184	0.458935834449754	0.454642768130515	-0.00429306631923937
0.393824641263865	0.557190742489019	0.336190937411826	0.327876865416116	-0.00831407199571083
0.363273053838869	0.500416792527309	0.432840580789488	0.414883141824936	-0.017957438964552
0.40823964259397	0.572564456896925	0.421260825303892	0.430649753574488	0.0093889282705954
0.362557138031507	0.515590075990515	0.39535641686789	0.396873985691524	0.00151756882363419
0.350429342803703	0.46782318686132	0.408250401668753	0.392240184761157	-0.0160102169075962
0.38654895135973	0.549363609393957	0.468821021312595	0.476957529542384	0.00813650822978923
0.350262757682986	0.482038830962499	0.426564492835173	0.42559787224268	-0.00096662059249264
0.384003525015585	0.560113996559941	0.460603493204345	0.490188461831731	0.0295849686273852
0.782976204893794	1.06585576056716	0.517983684916841	0.53460409347838	0.0166204085615387
0.429921587824571	0.580950052500126	0.42763785839022	0.432443849719021	0.00480599132880111
0.601550419709332	0.853404257279098	0.271673010477295	0.25699801100645	-0.0146749994708454
0.437938487407643	0.614725165508871	0.350973545675491	0.348845464284164	-0.00212808139132731
0.463057526076243	0.632247093513553	0.49810171486629	0.481316555731113	-0.0167851591351766
0.570633711838618	0.747493375323028	0.367523319253551	0.341066568784889	-0.0264567504686622
0.471344825821115	0.661417318094816	0.504167203690353	0.532999674356486	0.0288324706661337
0.291484590419602	0.398097187384096	0.278041608887947	0.290354495927535	0.0123128870395876
0.349076385844539	0.485501806292327	0.328629981761808	0.347473482269689	0.0188435005078813
0.352169866054658	0.497207104482453	0.423838106044178	0.446087565825366	0.0222494597811872
0.637857495274072	0.843930474910378	0.306167313362339	0.297086985606368	-0.00908032775597167
0.518247310515415	0.767522260744224	0.408857281480034	0.442491492605098	0.0336342111250633
0.458480056801202	0.649577312667594	0.344433985112679	0.339780170166826	-0.00465381494585315
0.595715418574304	0.829524937305114	0.466525849208692	0.468564272686282	0.00203842347758992
0.425908958064217	0.620943912302844	0.492623525085882	0.517426409939181	0.0248028848532988
0.365895239883394	0.508216934881056	0.436113431006194	0.442172082811396	0.00605865180520149
0.523599875767326	0.823739308542525	0.371771529138599	0.440868011399899	0.0690964822613
0.592195918894034	0.805144404960018	0.48605633152856	0.44225227542156	-0.0438040561070005
0.433339764031122	0.616030556645353	0.295232197681011	0.319841416619098	0.0246092189380871
0.41790951774112	0.555352604498952	0.528077663948426	0.496629965367534	-0.0314476985808918
0.425658940868453	0.642879176363539	0.32385053316737	0.348298787761714	0.024448254594344
0.5183700882234	0.691523074597374	0.443814065198077	0.431524793909687	-0.0122892712883905
0.614880193416137	0.849101776022596	0.431971863847771	0.440102088261132	0.00813022441336109
0.624781515668878	0.813450254944253	0.328097817182146	0.289089019208295	-0.0390087979738509
0.492453529719684	0.663202804118582	0.544958969249247	0.521201069860844	-0.0237578993884024
0.638426167714997	0.859712668284142	0.464959786668546	0.411754978456728	-0.0532048082118174
0.513830948050231	0.70887929151213	0.544148933071556	0.574033748624675	0.0298848155531185
0.421179212400409	0.612394281247529	0.234546411804383	0.241438184666932	0.00689177286254916
0.539746120624576	0.744766524414997	0.503260395367419	0.503215746558781	-4.46488086387475e-05
0.34639660261548	0.488227008595066	0.387718135533337	0.390713179771782	0.0029950442384446
0.359748207175915	0.513008615035302	0.422808190547482	0.424130076775671	0.0013218862281893
0.529668199950621	0.748773331320917	0.393083571618718	0.411370924161183	0.0182873525424652
0.503836443891332	0.709873122607819	0.349344634254206	0.36254803849788	0.0132034042436743
0.445307776366745	0.649655813456761	0.357470915775356	0.364550690618179	0.00707977484282291
0.50884391058068	0.691430168246708	0.523446213188807	0.494691237626019	-0.0287549755627884
0.67850646384122	0.967492268046685	0.378321932931629	0.391544366598604	0.0132224336669747
0.334359137556116	0.473134717555883	0.360191090554627	0.353276825465838	-0.00691426508878912
0.472803191465967	0.664028645764549	0.441837458465318	0.439447655900527	-0.00238980256479165
0.50236130566053	0.685595211648039	0.603832337228195	0.604823043923785	0.000990706695590093
0.460086833679272	0.645508770112761	0.551333522374054	0.547234366518317	-0.00409915585573772
0.391380053180398	0.540391194600097	0.428815700396346	0.403130151828136	-0.0256855485682103
0.342679472505684	0.475984807118798	0.334598880793557	0.338781597770033	0.00418271697647599
0.5275852124373	0.764697675896684	0.417158343587525	0.430163144233996	0.0130048006464715
0.455251986664696	0.630142429841045	0.285588959479963	0.25591781650006	-0.0296711429799036
0.584060532421462	0.820142418100743	0.355745791257498	0.334461946907832	-0.0212838443496661
0.389236929323781	0.529977883688002	0.420850774510451	0.407392772574199	-0.0134580019362524
0.420039594786873	0.607761556412744	0.47948357380304	0.481832978491292	0.00234940468825162
0.488550608495617	0.677848046603623	0.466594559314174	0.460645213055784	-0.00594934625838994
0.453982331995129	0.612697544801229	0.441314082723752	0.411839142679334	-0.0294749400444182
0.462943053530376	0.620625706252376	0.328487144577526	0.316933245694885	-0.0115538988826412
0.567516528937125	0.797221334783403	0.406199501875677	0.428417330829664	0.0222178289539871
0.42945382695097	0.610100033610945	0.528035352090369	0.533790577681475	0.00575522559110553
0.714851037671424	0.980029356336568	0.453218623797789	0.480553524777847	0.027334900980058
0.435837006556497	0.626173753565989	0.364510317224136	0.36512971140678	0.000619394182644117
0.582217382621851	0.813454547758106	0.495971217759493	0.444002092815175	-0.051969124944318
0.468916651913795	0.667658744278398	0.516147330898754	0.534100922948438	0.0179535920496838
0.52092728559492	0.746715733189575	0.410231074621023	0.429935287187171	0.0197042125661478
0.583621869673265	0.816132133797211	0.406204166113235	0.429234267473754	0.0230301013605192
0.426030950138804	0.587541572748639	0.361963134362904	0.360579653327136	-0.00138348103576835
0.54210649647442	0.746239550077085	0.526602714433551	0.496555120419498	-0.030047594014053
0.541082605889998	0.778750517402996	0.494019073613403	0.52094260698343	0.0269235333700273
0.596424577729177	0.786882599952483	0.430618977366973	0.4394042116854	0.00878523431842637
0.369138984006783	0.482759028703926	0.462742872421341	0.451459751676936	-0.0112831207444044
0.361349041988196	0.458924240953974	0.433871380690419	0.406818160947031	-0.0270532197433878
