Univariate_LR_coefficients_null_raster	Univariate_LR_coefficients_Mixed_C	Univariate_LR_R2_null_raster	Univariate_LR_R2_Mixed_C	Univariate_LR_delta_R2_Mixed_C
0.500384782454601	0.466939545345578	0.529724608852601	0.0308744343894496	-0.498850174463152
0.598734101977677	0.32700687205365	0.310465847319546	0.00563324701741678	-0.304832600302129
0.397733803848193	0.624902362622133	0.362807603232674	0.054229835634997	-0.308577767597677
0.379702274638744	0.523513622634007	0.39258871916929	0.0410459559451041	-0.351542763224186
0.475676014185618	0.456909911946647	0.475778044516905	0.0278712084156022	-0.447906836101303
0.481567273429568	0.523614776741966	0.362777139823593	0.0243655052566999	-0.338411634566893
0.426731519872568	0.592960043608728	0.456431413562904	0.0488529893273887	-0.407578424235516
0.402994589428909	0.413754193598925	0.375760211549618	0.0219283229408992	-0.353831888608719
0.556105674539595	0.661457191905726	0.543590561639994	0.0431329127539764	-0.500457648886018
0.485652799017552	0.702304293016367	0.532394677901439	0.0661900782537738	-0.466204599647665
0.389239481185579	0.426820035766991	0.420633095893462	0.0242630594988995	-0.396370036394563
0.406869850896763	0.610508293561834	0.523663905674913	0.0521499754324349	-0.471513930242479
0.724099687231873	0.613094736855215	0.439337421967761	0.0132914812597771	-0.426045940707983
0.69184430446921	0.715796656829883	0.441242287796801	0.0248620356058543	-0.416380252190947
0.406754153301763	0.508687506457232	0.338779133681712	0.0260681992785064	-0.312710934403206
0.622013404250828	0.429683971725343	0.386967759624676	0.0105652390495714	-0.376402520575104
0.4644906836007	0.665479830411483	0.616330709938815	0.0474513227094089	-0.568879387229406
0.474161031452312	0.755115584455473	0.365748978641581	0.0529984956138205	-0.31275048302776
0.484134689476405	0.456029021633171	0.404365580607366	0.0196584133682726	-0.384707167239093
0.406192443450864	0.509607701015554	0.410402333426672	0.0394996372978216	-0.370902696128851
0.431673433897665	0.643816268181661	0.481153094265713	0.0549062223821736	-0.426246871883539
0.435906408808703	0.546693443882954	0.578256834263428	0.0446586988229935	-0.533598135440434
0.482186160281811	0.479349609413568	0.463957806884237	0.0232602673921723	-0.440697539492065
0.35047244626973	0.519591752317836	0.450195550687902	0.0402700125619199	-0.409925538125982
0.456026497921207	0.529470698720738	0.411078775608758	0.0342355216614894	-0.376843253947269
0.498496156873473	0.709661670694849	0.368703749461164	0.0455254648242965	-0.323178284636868
0.429520856533532	0.50634215831544	0.469670388365547	0.0335969312677012	-0.436073457097846
0.549097979092012	0.626851801477673	0.458935834449754	0.0309115411042632	-0.428024293345491
0.393824641263865	0.713725929669301	0.336190937411826	0.0431771302306972	-0.293013807181129
0.363273053838869	0.463132910361992	0.432840580789488	0.046960254773147	-0.385880326016341
0.40823964259397	0.545087718927505	0.421260825303892	0.0433801792701095	-0.377880646033783
0.362557138031507	0.583467532833341	0.39535641686789	0.0468110902991458	-0.348545326568744
0.350429342803703	0.456221347578712	0.408250401668753	0.0428041164986254	-0.365446285170128
0.38654895135973	0.778298555973964	0.468821021312595	0.10914145704757	-0.359679564265025
0.350262757682986	0.437233006899441	0.426564492835173	0.0419379329722259	-0.384626559862947
0.384003525015585	0.61668884877045	0.460603493204345	0.0705907879564175	-0.390012705247928
0.782976204893794	0.75902789335136	0.517983684916841	0.0229990762360685	-0.494984608680773
0.429921587824571	0.479165809059747	0.42763785839022	0.0404442856151591	-0.387193572775061
0.601550419709332	0.789659852647789	0.271673010477295	0.0239606140525378	-0.247712396424757
0.437938487407643	1.00039758321657	0.350973545675491	0.0897711685295524	-0.261202377145939
0.463057526076243	0.405362480611552	0.49810171486629	0.0218100032563963	-0.476291711609893
0.570633711838618	0.720612960450912	0.367523319253551	0.0310421448750389	-0.336481174378512
0.471344825821115	0.749472104251477	0.504167203690353	0.0599305282258001	-0.444236675464552
0.291484590419602	0.441026841907463	0.278041608887947	0.042006538982015	-0.236035069905932
0.349076385844539	0.608638922068361	0.328629981761808	0.0581183008441741	-0.270511680917634
0.352169866054658	0.653161560833276	0.423838106044178	0.076887911807807	-0.346950194236371
0.637857495274072	0.320734014475044	0.306167313362339	0.00482204820905317	-0.301345265153286
0.518247310515415	0.543103187661073	0.408857281480034	0.0208883978185476	-0.387968883661487
0.458480056801202	0.407444290892029	0.344433985112679	0.0108372514196028	-0.333596733693076
0.595715418574304	0.662711688639239	0.466525849208692	0.0254099398812983	-0.441115909327394
0.425908958064217	0.902195232316832	0.492623525085882	0.0931422272992672	-0.399481297786615
0.365895239883394	0.705751785784035	0.436113431006194	0.0809733286908707	-0.355140102315324
0.523599875767326	0.551266517344818	0.371771529138599	0.0204260999333745	-0.351345429205225
0.592195918894034	1.60879005733728	0.48605633152856	0.331370372694456	-0.154685958834104
0.433339764031122	0.349584042060409	0.295232197681011	0.0115881375332756	-0.283644060147736
0.41790951774112	0.553193813485998	0.528077663948426	0.0430895685396738	-0.484988095408752
0.425658940868453	0.666231917858204	0.32385053316737	0.0309628107913435	-0.292887722376027
0.5183700882234	0.641224931578725	0.443814065198077	0.0296273630304178	-0.414186702167659
0.614880193416137	0.350126812607669	0.431971863847771	0.00784500746771481	-0.424126856380056
0.624781515668878	0.587317785206763	0.328097817182146	0.0131029207139728	-0.314994896468173
0.492453529719684	0.355022295274827	0.544958969249247	0.0191930888360313	-0.525765880413215
0.638426167714997	0.752657508785809	0.464959786668546	0.034528086082083	-0.430431700586463
0.513830948050231	0.857647533272164	0.544148933071556	0.0789552322094129	-0.465193700862143
0.421179212400409	0.415311296692904	0.234546411804383	0.014261511344	-0.220284900460383
0.539746120624576	0.553760347257684	0.503260395367419	0.0179587742064244	-0.485301621160995
0.34639660261548	0.597918427923942	0.387718135533337	0.0593481400877571	-0.32836999544558
0.359748207175915	0.55526708694769	0.422808190547482	0.0406426755006938	-0.382165515046788
0.529668199950621	0.469647152976456	0.393083571618718	0.0179929939851571	-0.375090577633561
0.503836443891332	0.391635305164622	0.349344634254206	0.0170044652287822	-0.332340169025424
0.445307776366745	0.623571757495247	0.357470915775356	0.0362089845257031	-0.321261931249653
0.50884391058068	0.422823286005517	0.523446213188807	0.018250345877879	-0.505195867310928
0.67850646384122	0.650393343848639	0.378321932931629	0.0143183653281953	-0.364003567603434
0.334359137556116	0.485899983997538	0.360191090554627	0.035622213923987	-0.32456887663064
0.472803191465967	0.532390605354174	0.441837458465318	0.0234245294086183	-0.4184129290567
0.50236130566053	0.898551442888539	0.603832337228195	0.103166158097034	-0.500666179131161
0.460086833679272	0.665413118527053	0.551333522374054	0.0558878917392437	-0.495445630634811
0.391380053180398	0.542397792624359	0.428815700396346	0.0443843806091919	-0.384431319787154
0.342679472505684	0.565080005780427	0.334598880793557	0.0416088634368981	-0.292990017356659
0.5275852124373	0.421812070877065	0.417158343587525	0.0135023730620483	-0.403655970525476
0.455251986664696	0.3442296120613	0.285588959479963	0.00913449445350075	-0.276454465026463
0.584060532421462	0.724040696644339	0.355745791257498	0.0270893401450114	-0.328656451112486
0.389236929323781	0.514605019463166	0.420850774510451	0.0291773279384662	-0.391673446571985
0.420039594786873	0.52345660279823	0.47948357380304	0.0495904686763787	-0.429893105126662
0.488550608495617	0.792224042549156	0.466594559314174	0.0598970135519875	-0.406697545762186
0.453982331995129	0.364044150470058	0.441314082723752	0.0137588424181204	-0.427555240305632
0.462943053530376	0.405363314458121	0.328487144577526	0.0148176228764964	-0.31366952170103
0.567516528937125	1.04616050818989	0.406199501875677	0.0655996789134449	-0.340599822962232
0.42945382695097	0.791709428713921	0.528035352090369	0.0810294301939214	-0.447005921896448
0.714851037671424	0.562487677186789	0.453218623797789	0.0184827802425111	-0.434735843555278
0.435837006556497	0.28766029291476	0.364510317224136	0.00830430486288555	-0.35620601236125
0.582217382621851	1.7566713781071	0.495971217759493	0.400880908886043	-0.0950903088734503
0.468916651913795	0.556006846021622	0.516147330898754	0.0379619657128212	-0.478185365185933
0.52092728559492	0.426389229101276	0.410231074621023	0.0164484892492736	-0.39378258537175
0.583621869673265	0.798899632743863	0.406204166113235	0.0446885963088986	-0.361515569804337
0.426030950138804	0.497950811520731	0.361963134362904	0.0275313786250729	-0.334431755737831
0.54210649647442	0.43413999307675	0.526602714433551	0.0176314860978995	-0.508971228335651
0.541082605889998	0.555031636362847	0.494019073613403	0.0281530884410813	-0.465865985172322
0.596424577729177	0.694252916006306	0.430618977366973	0.047174257989209	-0.383444719377764
0.369138984006783	0.540519536542129	0.462742872421341	0.054428718627702	-0.408314153793639
0.361349041988196	0.386282028632985	0.433871380690419	0.0295143345748559	-0.404357046115563
