Univariate_LR_coefficients_null_raster	Univariate_LR_coefficients_open_water_R	Univariate_LR_R2_null_raster	Univariate_LR_R2_open_water_R	Univariate_LR_delta_R2_open_water_R
0.500384782454601	0.00330109025424263	0.529724608852601	0.00399421735344911	-0.525730391499152
0.598734101977677	0.00292596245452766	0.310465847319546	0.000703978871107777	-0.309761868448438
0.397733803848193	0.00554797630485464	0.362807603232674	0.0057013987338005	-0.357106204498873
0.379702274638744	0.00533866310656	0.39258871916929	0.0109182620065152	-0.381670457162775
0.475676014185618	0.00454249654114678	0.475778044516905	0.00471862938705279	-0.471059415129852
0.481567273429568	0.00621065519650607	0.362777139823593	0.00307541463655453	-0.359701725187038
0.426731519872568	0.0109758774447146	0.456431413562904	0.0324628777174157	-0.423968535845489
0.402994589428909	0.00288984795022974	0.375760211549618	0.00278716268407318	-0.372973048865545
0.556105674539595	0.0144974998505535	0.543590561639994	0.0287098501885747	-0.514880711451419
0.485652799017552	0.00376173000269646	0.532394677901439	0.00260880915407131	-0.529785868747368
0.389239481185579	0.0111414205407867	0.420633095893462	0.0180634992266522	-0.40256959666681
0.406869850896763	0.0103429689670321	0.523663905674913	0.0267568804636254	-0.496907025211288
0.724099687231873	0.0349596205667036	0.439337421967761	0.0367358608043729	-0.402601561163388
0.69184430446921	0.0106894033658681	0.441242287796801	0.0138481113888647	-0.427394176407937
0.406754153301763	0.0116854670230207	0.338779133681712	0.00543117971344909	-0.333347953968263
0.622013404250828	0.00323798278592074	0.386967759624676	0.000904771822098506	-0.386062987802577
0.4644906836007	0.00749025773459982	0.616330709938815	0.0151861328302655	-0.601144577108549
0.474161031452312	0.00905987238828764	0.365748978641581	0.0160158706339243	-0.349733108007657
0.484134689476405	0.00525811470162407	0.404365580607366	0.00396104309450683	-0.400404537512859
0.406192443450864	0.00757286118540606	0.410402333426672	0.0314803945219981	-0.378921938904674
0.431673433897665	0.014414178786206	0.481153094265713	0.0412487481378767	-0.439904346127836
0.435906408808703	0.00367082580064143	0.578256834263428	0.00357179918426966	-0.574685035079158
0.482186160281811	0.00464179711346023	0.463957806884237	0.00319607856238199	-0.460761728321855
0.35047244626973	0.00979974247231597	0.450195550687902	0.0188815494819804	-0.431314001205922
0.456026497921207	0.0044962025761163	0.411078775608758	0.00826798809634262	-0.402810787512415
0.498496156873473	0.00986354403795083	0.368703749461164	0.0197769204181724	-0.348926829042992
0.429520856533532	0.0104749613050859	0.469670388365547	0.0148947314134005	-0.454775656952146
0.549097979092012	0.00868153761209556	0.458935834449754	0.00605160983178581	-0.452884224617968
0.393824641263865	0.0619886466068605	0.336190937411826	0.0662875320344826	-0.269903405377344
0.363273053838869	0.00312954414946706	0.432840580789488	0.00372131323224869	-0.42911926755724
0.40823964259397	0.0162194654644323	0.421260825303892	0.0335128706868969	-0.387747954616995
0.362557138031507	0.00859442664947216	0.39535641686789	0.0224825462831639	-0.372873870584726
0.350429342803703	0.00498044725744058	0.408250401668753	0.00990791819477588	-0.398342483473977
0.38654895135973	0.0105213743086837	0.468821021312595	0.0318058916172642	-0.437015129695331
0.350262757682986	0.0036704044110484	0.426564492835173	0.00639903821066357	-0.42016545462451
0.384003525015585	0.00814390707882318	0.460603493204345	0.0300728508577722	-0.430530642346573
0.782976204893794	0.0580347930716793	0.517983684916841	0.217403126181831	-0.30058055873501
0.429921587824571	0.00258716992235826	0.42763785839022	0.00215216553924996	-0.42548569285097
0.601550419709332	0.0106706501747283	0.271673010477295	0.00521730087365156	-0.266455709603644
0.437938487407643	0.0227183230164134	0.350973545675491	0.105227445079738	-0.245746100595753
0.463057526076243	0.00451665785385329	0.49810171486629	0.0045110553637101	-0.49359065950258
0.570633711838618	0.0122185684311164	0.367523319253551	0.0176450500133479	-0.349878269240203
0.471344825821115	0.0160214281830632	0.504167203690353	0.025176245740666	-0.478990957949687
0.291484590419602	0.00388084232803492	0.278041608887947	0.00553479838729733	-0.27250681050065
0.349076385844539	0.0216158995859165	0.328629981761808	0.0697293038984848	-0.258900677863323
0.352169866054658	0.0105474778553198	0.423838106044178	0.0533717532251341	-0.370466352819044
0.637857495274072	0.000346475799911219	0.306167313362339	0.0000120063821121143	-0.306155306980227
0.518247310515415	0.0058304536000187	0.408857281480034	0.00306645626614148	-0.405790825213893
0.458480056801202	0.0121263981489521	0.344433985112679	0.00512557970187944	-0.3393084054108
0.595715418574304	0.00785494803051696	0.466525849208692	0.00644068215362505	-0.460085167055067
0.425908958064217	0.011699512296191	0.492623525085882	0.0196790469382222	-0.47294447814766
0.365895239883394	0.00958039953895986	0.436113431006194	0.0252049857689581	-0.410908445237236
0.523599875767326	0.0035693167970793	0.371771529138599	0.00178374465982291	-0.369987784478776
0.592195918894034	0.0293760452297474	0.48605633152856	0.215121227636567	-0.270935103891993
0.433339764031122	0.00307813613766467	0.295232197681011	0.00176242762331693	-0.293469770057694
0.41790951774112	0.0095444879873262	0.528077663948426	0.0268043301336692	-0.501273333814757
0.425658940868453	0.00633186653809681	0.32385053316737	0.00481722202980661	-0.319033311137563
0.5183700882234	0.0196743227281822	0.443814065198077	0.0192666122933889	-0.424547452904688
0.614880193416137	0.000808607715676659	0.431971863847771	0.000117668501043791	-0.431854195346727
0.624781515668878	0.00725277170501272	0.328097817182146	0.00181854402369006	-0.326279273158456
0.492453529719684	0.00371398218626653	0.544958969249247	0.00565712356027513	-0.539301845688971
0.638426167714997	0.0122458601029835	0.464959786668546	0.0167934925602144	-0.448166294108331
0.513830948050231	0.0181174986498514	0.544148933071556	0.111455410648819	-0.432693522422737
0.421179212400409	0.00187178854141944	0.234546411804383	0.000354047077627755	-0.234192364726755
0.539746120624576	0.00545186449229142	0.503260395367419	0.00177583052343982	-0.50148456484398
0.34639660261548	0.010129982876942	0.387718135533337	0.0313454239043465	-0.356372711628991
0.359748207175915	0.0276276203623733	0.422808190547482	0.0518795302760105	-0.370928660271471
0.529668199950621	0.00829833307342627	0.393083571618718	0.00711533876741327	-0.385968232851304
0.503836443891332	0.00453119480160508	0.349344634254206	0.0042008700215067	-0.345143764232699
0.445307776366745	0.0163745395199717	0.357470915775356	0.0196152731903431	-0.337855642585013
0.50884391058068	0.0010802318407404	0.523446213188807	0.00030526421185371	-0.523140948976953
0.67850646384122	0.0371583471033728	0.378321932931629	0.017837018779545	-0.360484914152084
0.334359137556116	0.00484825077481645	0.360191090554627	0.00810063653024663	-0.35209045402438
0.472803191465967	0.0085532520741714	0.441837458465318	0.00821531624598455	-0.433622142219334
0.50236130566053	0.0123672889827512	0.603832337228195	0.0483393616955931	-0.555492975532602
0.460086833679272	0.0102196381507422	0.551333522374054	0.014493809837305	-0.536839712536749
0.391380053180398	0.0199012947988157	0.428815700396346	0.0193068016591794	-0.409508898737167
0.342679472505684	0.00883296863524105	0.334598880793557	0.0104034035913745	-0.324195477202183
0.5275852124373	0.00820666893519571	0.417158343587525	0.00488373933480483	-0.41227460425272
0.455251986664696	0.00498219310241556	0.285588959479963	0.00234925507949303	-0.28323970440047
0.584060532421462	0.00451610621328084	0.355745791257498	0.00238706910358467	-0.353358722153913
0.389236929323781	0.00538375367515907	0.420850774510451	0.0070370835773157	-0.413813690933136
0.420039594786873	0.00345109100089019	0.47948357380304	0.00298435336255748	-0.476499220440483
0.488550608495617	0.010215179375458	0.466594559314174	0.0164806830664163	-0.450113876247758
0.453982331995129	0.00965603022192091	0.441314082723752	0.0150926255115599	-0.426221457212192
0.462943053530376	0.00269590540431837	0.328487144577526	0.00130107064522026	-0.327186073932306
0.567516528937125	0.0192600563703023	0.406199501875677	0.0151810028153447	-0.391018499060332
0.42945382695097	0.00503883368078019	0.528035352090369	0.00532769304860023	-0.522707659041769
0.714851037671424	-0.000276250794263108	0.453218623797789	0.00000642434846227397	-0.453212199449326
0.435837006556497	-0.000591546821246002	0.364510317224136	0.0000818514735952826	-0.364428465750541
0.582217382621851	0.0367958264197211	0.495971217759493	0.336691829580913	-0.159279388178581
0.468916651913795	0.00871349109565205	0.516147330898754	0.0225138677469261	-0.493633463151828
0.52092728559492	0.00745799847134328	0.410231074621023	0.00743366301693615	-0.402797411604087
0.583621869673265	0.00625971222606246	0.406204166113235	0.00481896792221935	-0.401385198191016
0.426030950138804	0.0237106421757909	0.361963134362904	0.0194269508842545	-0.34253618347865
0.54210649647442	0.00597424196638173	0.526602714433551	0.00616747779008676	-0.520435236643464
0.541082605889998	0.00429568603337454	0.494019073613403	0.00542436248481967	-0.488594711128583
0.596424577729177	0.00613927606111461	0.430618977366973	0.0142525577766769	-0.416366419590296
0.369138984006783	0.00459103637798908	0.462742872421341	0.00494161718898873	-0.457801255232352
0.361349041988196	0.00187400349307441	0.433871380690419	0.00186691149224289	-0.432004469198176
