Univariate_LR_coefficients_null_raster	Univariate_LR_coefficients_chicken_C	Univariate_LR_R2_null_raster	Univariate_LR_R2_chicken_C	Univariate_LR_delta_R2_chicken_C
0.148802698870237	421.975130950581	0.375621711038683	0.13572854468256	-0.239893166356124
0.143593909798947	1.04871948046253	0.423430126884949	0.0138601147470549	-0.409570012137894
0.154800868816597	0.989969693888223	0.324502146643717	0.00470031198022405	-0.319801834663493
0.149199647682995	635.326805180955	0.383218465199329	0.270728705740419	-0.11248975945891
0.136401569212955	572.914231892644	0.357528677260502	0.19329750405183	-0.164231173208673
0.142400007698675	435.278700633973	0.344323554655852	0.122614675194564	-0.221708879461287
0.154520460036645	545.541785518708	0.294610580905592	0.169883839289176	-0.124726741616416
0.118731900775531	0.0728606964177673	0.414342897458967	6.14801906366641e-06	-0.414336749439903
0.171958137613562	0.775120896430598	0.371847331958319	0.00273341317003725	-0.369113918788282
0.140972515347768	605.770658190477	0.457758620280468	0.267013831631952	-0.190744788648517
0.12185448603428	575.062291722945	0.291249638497486	0.154260420335421	-0.136989218162065
0.184557091518595	1.13865708028574	0.445021377801348	0.00901674249536547	-0.436004635305983
0.16877559817113	467.787572172162	0.370699803511284	0.115497999946083	-0.255201803565202
0.131673008498407	1.9161205358883	0.339601313457181	0.0269951046856659	-0.312606208771515
0.135460344707399	2.90026618573391	0.412083100925598	0.125617143518412	-0.286465957407185
0.132149073526607	-0.11418818739037	0.38087269821506	6.01427967749232e-05	-0.380812555418285
0.121375750059948	66.4173641587786	0.347885769836382	0.0242285259903457	-0.323657243846037
0.122330426886167	17.4180295633669	0.463307192456798	0.00578669338737586	-0.457520499069423
0.130064054004673	1.47287184299253	0.376337778374672	0.00415622423326296	-0.37218155414141
0.0931556512077509	1.43188747033542	0.235013078372176	0.0205209328153645	-0.214492145556811
0.153007680066116	1.70059959677296	0.445278754607008	0.0160226355919238	-0.429256119015084
0.137255168769387	1.15337193776291	0.451957800165176	0.00826670966336762	-0.443691090501808
0.142107573305221	586.687598388909	0.330098858733147	0.180893927960147	-0.149204930773
0.0885026493210563	48.659398871067	0.248689705308718	0.046409343555612	-0.202280361753106
0.123036771798049	233.863000461361	0.358596889626511	0.13913534926536	-0.219461540361151
0.115355544743026	-0.452006309602791	0.408643860461073	0.00127910538103405	-0.407364755080039
0.164462831673758	765.945215507252	0.478858295513728	0.260593307796969	-0.218264987716759
0.131006808855112	532.235154535614	0.30696036153858	0.134230473121581	-0.172729888416998
0.164311306989961	621.006668014167	0.389823065970057	0.232378977443763	-0.157444088526294
0.127834190818011	-0.177022396230907	0.304547092367896	0.000358348274448592	-0.304188744093448
0.108430688072253	-0.606633278180729	0.253158436728872	0.00250493643474247	-0.25065350029413
0.13988862906077	77.9282732108535	0.403362324437484	0.0419729318441572	-0.361389392593327
0.151550607383748	1.03922861415135	0.43513748031046	0.00602987666746928	-0.429107603642991
0.127887786146586	2.7009321314144	0.365664042768995	0.00822125537631034	-0.357442787392684
0.129556232439301	-0.311754419632399	0.408863725656468	0.000756687298829814	-0.408107038357638
0.135787786153781	0.293968195895815	0.476262426393731	0.000455208372700142	-0.475807218021031
0.141820530936264	0.00801652078964345	0.564354810288391	9.23086117772236e-07	-0.564353887202273
0.13047573783596	1.03971598509502	0.401328829489432	0.00611584392624269	-0.395212985563189
0.133190825962429	481.670187304989	0.414287609168802	0.232082186148944	-0.182205423019858
0.104568926252857	351.373797098782	0.276699563178689	0.130887989997097	-0.145811573181592
0.194696156329604	-6.90690001933459	0.347063920800137	0.00100066977122281	-0.346063251028914
0.125229697681299	182.516731976272	0.317099396634416	0.042850017763803	-0.274249378870613
0.107007905889504	0.612311071426454	0.337319216577526	0.00316438630786416	-0.334154830269662
0.109303281449091	1.36726907631858	0.333448693729977	0.0230576174027402	-0.310391076327237
0.0880102993557107	31.5300650194564	0.222006382735384	0.0146773671761475	-0.207329015559236
0.0992900906364064	158.118174982972	0.326451403628761	0.0857711638868241	-0.240680239741937
0.16167411389264	81.5123179004423	0.3885753279518	0.0681991040153832	-0.320376223936417
0.170000141858478	2.95497299129701	0.362226908234635	0.00528594378929524	-0.35694096444534
0.11082735887724	406.447587845373	0.275202527851895	0.149193824350989	-0.126008703500906
0.11593014382985	0.195254814930567	0.364043047201788	0.000602129887124991	-0.363440917314663
0.167150258214366	3.57925524081221	0.448748873696486	0.00253767096149062	-0.446211202734996
0.13314775025399	700.92797806871	0.392777647222991	0.285102932019293	-0.107674715203698
0.167672792905717	2.10887607536779	0.404509972434094	0.0404692278424141	-0.36404074459168
0.129699280221307	1.00618063681017	0.344560824373908	0.0191507206796516	-0.325410103694257
0.176916223653909	-0.243393729850347	0.516521901741567	0.000325764097694365	-0.516196137643873
0.145201160571887	78.1897847512448	0.420418982535756	0.0283076520085756	-0.39211133052718
0.114635862297846	0.15861817967825	0.431523045166993	0.000371576400574361	-0.431151468766418
0.117143793815877	0.466780221419763	0.396585005870972	0.00153612929941568	-0.395048876571557
0.0870625063374534	397.043815037335	0.257718271886878	0.164344999147493	-0.0933732727393846
0.135108104602073	465.026497818758	0.378987912988676	0.262157130871432	-0.116830782117244
0.146639359363019	14.5596077935733	0.436648256075214	0.0120658538599996	-0.424582402215214
0.130476185523928	0.257537484946839	0.370767940333651	0.000489314455094262	-0.370278625878557
0.116306417155587	431.485554249639	0.343461800556391	0.13038210783342	-0.213079692722971
0.183945690487554	-0.231742000481391	0.496368538805253	0.000533277374728576	-0.495835261430525
0.164721949805859	0.79581891850546	0.423955448388715	0.00722064073430386	-0.416734807654411
0.119600213666797	34.2314711079221	0.43133546117367	0.0120621562530105	-0.41927330492066
0.151833001313039	-0.286297182022549	0.340274846088486	0.000789973833718606	-0.339484872254767
0.136403500858624	0.463364814268024	0.348641642649928	0.000874862864946002	-0.347766779784982
0.124327349024726	0.45877041077048	0.336166688423441	0.00387298486748937	-0.332293703555952
0.133658570275105	357.296756524224	0.338975152182006	0.0701312213983602	-0.268843930783645
0.123487921406983	-0.129462162245848	0.3215678137205	0.000114413804465655	-0.321453399916035
0.121252384667388	253.667738151254	0.325263058382188	0.081032898984907	-0.244230159397281
0.107972413309189	1.22183129363914	0.30923539760129	0.0138079800022467	-0.295427417599043
0.181471733620032	830.204688609098	0.475122128049267	0.261823600189273	-0.213298527859994
0.128678180559252	394.24934579258	0.339742005953603	0.127981702592732	-0.211760303360871
0.125621871072381	0.956439026850051	0.39653923494137	0.00347300934867473	-0.393066225592695
0.152346285315827	85.9908690917802	0.426006367053557	0.220513774728284	-0.205492592325273
0.13337577904612	-0.023170680764945	0.525314504310223	1.13125327590825e-05	-0.525303191777464
0.110921681684574	625.455426549799	0.320539986614553	0.298735843790909	-0.0218041428236442
0.121858424335987	1.80055381109348	0.373159555344266	0.0234642689740095	-0.349695286370257
0.138685400897895	383.481017203643	0.392712456250276	0.122995171423735	-0.269717284826541
0.132024449623663	440.075062091897	0.325445237787266	0.10882042776718	-0.216624810020086
0.113625817065911	-0.763195462265225	0.332670855908199	0.00461357378272362	-0.328057282125475
0.125687827460263	1.03554385802373	0.410342341499858	0.017657338075889	-0.392685003423969
0.138462875882502	0.58142946116197	0.437437292537476	0.00203592430815537	-0.435401368229321
0.131226355430483	0.497356429868315	0.379820608259846	0.00159162312044017	-0.378228985139406
0.137800698400502	29.1647208842021	0.4375015323781	0.0158253180564171	-0.421676214321683
0.155535394705359	0.431137690836156	0.49296307481235	0.00130112531359434	-0.491661949498756
0.152237761572859	0.898418284151417	0.491360179691364	0.00510762312152818	-0.486252556569836
0.116582560003466	0.875401220780781	0.417031646838128	0.00475170947801481	-0.412279937360114
0.127958896704205	0.877971949474261	0.359036306361122	0.00551534538450163	-0.35352096097662
0.113936709889543	443.396296948444	0.433361389374577	0.226120274980094	-0.207241114394483
0.135476171534611	706.998297723995	0.379699593699088	0.291662703259869	-0.0880368904392189
0.128712336465155	36.8629911516289	0.452730997369627	0.0238395808289601	-0.428891416540667
0.13243545005763	-0.585178298003005	0.333471373346278	0.00360978458439033	-0.329861588761888
0.127159206067	437.184089324073	0.393265342773198	0.250872884325372	-0.142392458447826
0.146437519152071	1.02809084648201	0.323240179001803	0.0040895571354903	-0.319150621866313
0.138927646530654	0.0613590296580355	0.341457867577443	4.27502926708641e-05	-0.341415117284772
0.138023904922354	7.34916366564051	0.403113427741999	0.0106658918615758	-0.392447535880423
0.142793317506704	48.9361346687016	0.434057314961103	0.059526005979922	-0.374531308981181
