Univariate_LR_coefficients_null_raster	Univariate_LR_coefficients_gflsu_C	Univariate_LR_R2_null_raster	Univariate_LR_R2_gflsu_C	Univariate_LR_delta_R2_gflsu_C
0.500384782454601	0.500484213228039	0.529724608852601	0.529677324703004	-4.72841495972043e-05
0.598734101977677	0.598786664886864	0.310465847319546	0.310389155979136	-7.66913404091629e-05
0.397733803848193	0.397798679370032	0.362807603232674	0.362777196257945	-3.0406974728503e-05
0.379702274638744	0.379755731412774	0.39258871916929	0.39253665098434	-5.20681849496274e-05
0.475676014185618	0.475741787535111	0.475778044516905	0.475717108569776	-6.09359471293591e-05
0.481567273429568	0.481703260676523	0.362777139823593	0.36275003341963	-2.71064039628066e-05
0.426731519872568	0.426811309540047	0.456431413562904	0.456203578570223	-0.000227834992681142
0.402994589428909	0.403072694259992	0.375760211549618	0.375735278822128	-2.49327274899902e-05
0.556105674539595	0.556211711944633	0.543590561639994	0.543579914957329	-1.06466826652607e-05
0.485652799017552	0.485740011355761	0.532394677901439	0.532364569442424	-3.01084590152989e-05
0.389239481185579	0.389302440009281	0.420633095893462	0.420598603729952	-3.44921635100359e-05
0.406869850896763	0.406961292178738	0.523663905674913	0.523658925803079	-4.97987183489812e-06
0.724099687231873	0.724213748343183	0.439337421967761	0.439243371443143	-9.40505246180834e-05
0.69184430446921	0.691986115433806	0.441242287796801	0.441174784168079	-6.75036287222097e-05
0.406754153301763	0.406797483552548	0.338779133681712	0.33871524746686	-6.38862148517605e-05
0.622013404250828	0.622049601784973	0.386967759624676	0.386856788812696	-0.000110970811979749
0.4644906836007	0.464597025971245	0.616330709938815	0.616268130217707	-6.25797211076806e-05
0.474161031452312	0.474296705751257	0.365748978641581	0.365738337116635	-1.06415249457315e-05
0.484134689476405	0.484190606681751	0.404365580607366	0.404281402168579	-8.41784387863864e-05
0.406192443450864	0.406270325261675	0.410402333426672	0.410384062720959	-1.82707057128084e-05
0.431673433897665	0.431763142081945	0.481153094265713	0.481160052744679	6.95847896614588e-06
0.435906408808703	0.435998822957713	0.578256834263428	0.578222032926677	-3.48013367508226e-05
0.482186160281811	0.48227052991073	0.463957806884237	0.463911532469003	-4.62744152339711e-05
0.35047244626973	0.350580206907233	0.450195550687902	0.450152562892536	-4.29877953659896e-05
0.456026497921207	0.456112121551859	0.411078775608758	0.411058614920981	-2.01606877769378e-05
0.498496156873473	0.498535041973154	0.368703749461164	0.36858002431655	-0.000123725144614339
0.429520856533532	0.429611750763931	0.469670388365547	0.469623915453129	-4.6472912417661e-05
0.549097979092012	0.549199949332452	0.458935834449754	0.458913851512783	-2.19829369716984e-05
0.393824641263865	0.393893897317905	0.336190937411826	0.336173040513043	-1.78968987833428e-05
0.363273053838869	0.363343226155403	0.432840580789488	0.432823163326122	-1.74174633658097e-05
0.40823964259397	0.408325452213284	0.421260825303892	0.421280240256784	1.94149528914278e-05
0.362557138031507	0.36260560826876	0.39535641686789	0.395332964215693	-2.34526521964984e-05
0.350429342803703	0.350480613718441	0.408250401668753	0.408250502800518	1.01131764851381e-07
0.38654895135973	0.386614109869738	0.468821021312595	0.468833929019665	1.29077070699646e-05
0.350262757682986	0.350328655673552	0.426564492835173	0.426517566004319	-4.69268308539994e-05
0.384003525015585	0.384088191529989	0.460603493204345	0.46062820495431	2.47117499649341e-05
0.782976204893794	0.78309749392725	0.517983684916841	0.517898939526957	-8.47453898837891e-05
0.429921587824571	0.429983683616235	0.42763785839022	0.427541026151757	-9.68322384630738e-05
0.601550419709332	0.601593717961153	0.271673010477295	0.271616099644849	-5.69108324458001e-05
0.437938487407643	0.438009124977193	0.350973545675491	0.350924628888233	-4.8916787257991e-05
0.463057526076243	0.463159568872695	0.49810171486629	0.498085227264919	-1.64876013709625e-05
0.570633711838618	0.570729549457058	0.367523319253551	0.367486224635249	-3.70946183023135e-05
0.471344825821115	0.47144997724284	0.504167203690353	0.504131064627005	-3.61390633479841e-05
0.291484590419602	0.291551295194241	0.278041608887947	0.278055345118922	1.37362309749478e-05
0.349076385844539	0.349130302841228	0.328629981761808	0.328599492341423	-3.0489420385027e-05
0.352169866054658	0.352247161503845	0.423838106044178	0.423794447328057	-4.36587161214974e-05
0.637857495274072	0.63797095066854	0.306167313362339	0.306168725835294	1.41247295465385e-06
0.518247310515415	0.518335491623436	0.408857281480034	0.408800524889806	-5.67565902286904e-05
0.458480056801202	0.458549552975274	0.344433985112679	0.344374635895077	-5.93492176021448e-05
0.595715418574304	0.595822247880063	0.466525849208692	0.466542841729128	1.69925204361876e-05
0.425908958064217	0.425964981174172	0.492623525085882	0.492567358146115	-5.61669397673437e-05
0.365895239883394	0.36595341399699	0.436113431006194	0.436051334346042	-6.20966601524997e-05
0.523599875767326	0.523694253256006	0.371771529138599	0.371756340996467	-1.51881421320832e-05
0.592195918894034	0.592277143828234	0.48605633152856	0.48605832419193	1.99266336947668e-06
0.433339764031122	0.433404493979005	0.295232197681011	0.295196908019331	-3.52896616804821e-05
0.41790951774112	0.417998518482476	0.528077663948426	0.528028072610262	-4.95913381639568e-05
0.425658940868453	0.42573878724368	0.32385053316737	0.323842669910507	-7.86325686269462e-06
0.5183700882234	0.518429740536567	0.443814065198077	0.443772719645705	-4.1345552372396e-05
0.614880193416137	0.614976067770073	0.431971863847771	0.431904258550334	-6.76052974367125e-05
0.624781515668878	0.624827415501445	0.328097817182146	0.327991208784841	-0.00010660839730553
0.492453529719684	0.492566355863139	0.544958969249247	0.544929444376747	-2.95248724997421e-05
0.638426167714997	0.638501811290098	0.464959786668546	0.46486495224563	-9.48344229152465e-05
0.513830948050231	0.513951535935481	0.544148933071556	0.544124692312351	-2.42407592049299e-05
0.421179212400409	0.421247220539358	0.234546411804383	0.234484307727272	-6.21040771105474e-05
0.539746120624576	0.539840387160606	0.503260395367419	0.503202982961099	-5.74124063201786e-05
0.34639660261548	0.346462644490003	0.387718135533337	0.387683066167275	-3.50693660624013e-05
0.359748207175915	0.359812872414388	0.422808190547482	0.422707368725713	-0.00010082182176907
0.529668199950621	0.52979304107925	0.393083571618718	0.393007574183917	-7.59974348006343e-05
0.503836443891332	0.503955286406056	0.349344634254206	0.349278129791245	-6.65044629610811e-05
0.445307776366745	0.445357749150896	0.357470915775356	0.357367511588732	-0.00010340418662419
0.50884391058068	0.508939634846267	0.523446213188807	0.523398870965839	-4.73422229676501e-05
0.67850646384122	0.678548164994869	0.378321932931629	0.37822074058589	-0.000101192345738965
0.334359137556116	0.334425580249742	0.360191090554627	0.36018978382204	-1.30673258680325e-06
0.472803191465967	0.472902780724382	0.441837458465318	0.44181649645506	-2.09620102578079e-05
0.50236130566053	0.502462017855265	0.603832337228195	0.603799001954202	-3.33352739926296e-05
0.460086833679272	0.460167872414537	0.551333522374054	0.551264108837665	-6.94135363890069e-05
0.391380053180398	0.391450586156651	0.428815700396346	0.428758287121012	-5.74132753343171e-05
0.342679472505684	0.342736069794098	0.334598880793557	0.334526921513864	-7.19592796931678e-05
0.5275852124373	0.527661171274573	0.417158343587525	0.41707563718522	-8.27064023050661e-05
0.455251986664696	0.45529014137299	0.285588959479963	0.285522122600002	-6.68368799615626e-05
0.584060532421462	0.584146730575395	0.355745791257498	0.355665973246671	-7.98180108267377e-05
0.389236929323781	0.389294077894829	0.420850774510451	0.420803900473895	-4.68740365560105e-05
0.420039594786873	0.420120302314087	0.47948357380304	0.479470465267973	-1.31085350669746e-05
0.488550608495617	0.488626046965205	0.466594559314174	0.466561584022135	-3.29752920393833e-05
0.453982331995129	0.454061429734735	0.441314082723752	0.441285383146703	-2.86995770488185e-05
0.462943053530376	0.463004033056062	0.328487144577526	0.328455089135924	-3.20554416024521e-05
0.567516528937125	0.567637258554461	0.406199501875677	0.406190676914949	-8.82496072768246e-06
0.42945382695097	0.429599288686704	0.528035352090369	0.527992117034251	-4.32350561181405e-05
0.714851037671424	0.715032254554095	0.453218623797789	0.4531826431422	-3.59806555881859e-05
0.435837006556497	0.435863974657959	0.364510317224136	0.364413944728573	-9.63724955630463e-05
0.582217382621851	0.582313534982513	0.495971217759493	0.495966000313451	-5.21744604209395e-06
0.468916651913795	0.469020096950134	0.516147330898754	0.516126592718856	-2.07381798973394e-05
0.52092728559492	0.521016054188352	0.410231074621023	0.410166440415623	-6.46342054007598e-05
0.583621869673265	0.583753331071587	0.406204166113235	0.406099328814144	-0.000104837299090887
0.426030950138804	0.426111109539611	0.361963134362904	0.361902356026006	-6.07783368977155e-05
0.54210649647442	0.542192587110442	0.526602714433551	0.526581038174444	-2.16762591070951e-05
0.541082605889998	0.541184658383293	0.494019073613403	0.493939469853015	-7.96037603881805e-05
0.596424577729177	0.596564998452637	0.430618977366973	0.430634378507403	1.54011404294163e-05
0.369138984006783	0.369212037411313	0.462742872421341	0.46270477218234	-3.81002390003049e-05
0.361349041988196	0.361425244087497	0.433871380690419	0.433842075792103	-2.93048983160404e-05
