Univariate_LR_coefficients_null_raster	Univariate_LR_coefficients_gflpu_R	Univariate_LR_R2_null_raster	Univariate_LR_R2_gflpu_R	Univariate_LR_delta_R2_gflpu_R
0.500384782454601	0.500381735058849	0.529724608852601	0.529724139818742	-0.000000469033859640255
0.598734101977677	0.598731538090482	0.310465847319546	0.31046610793115	0.000000260611604019356
0.397733803848193	0.397731975061803	0.362807603232674	0.362808145825259	0.000000542592584806822
0.379702274638744	0.379700302040561	0.39258871916929	0.392588147110884	-0.000000572058405812204
0.475676014185618	0.475674560775915	0.475778044516905	0.475780111672597	0.00000206715569162075
0.481567273429568	0.481564619794147	0.362777139823593	0.362778475082511	0.0000013352589182114
0.426731519872568	0.426729356674423	0.456431413562904	0.456432256226753	0.00000084266384858811
0.402994589428909	0.402994398153737	0.375760211549618	0.375763133877301	0.00000292232768317469
0.556105674539595	0.556101733341367	0.543590561639994	0.543589505071158	-0.00000105656883631067
0.485652799017552	0.48565076785252	0.532394677901439	0.53239677835745	0.00000210045601056752
0.389239481185579	0.389238445876309	0.420633095893462	0.420634173916999	0.00000107802353727093
0.406869850896763	0.406868383753245	0.523663905674913	0.523665958327038	0.00000205265212493977
0.724099687231873	0.724096357082568	0.439337421967761	0.439337295210677	-0.000000126757083995788
0.69184430446921	0.691841402051685	0.441242287796801	0.441244359017996	0.00000207122119455505
0.406754153301763	0.406754384119	0.338779133681712	0.338784520971265	0.00000538728955334911
0.622013404250828	0.622011488634304	0.386967759624676	0.386970611431065	0.00000285180638959215
0.4644906836007	0.464488803472802	0.616330709938815	0.616330792992091	0.0000000830532768114622
0.474161031452312	0.47415777885852	0.365748978641581	0.365749774228262	0.000000795586681368032
0.484134689476405	0.48413302787578	0.404365580607366	0.404366392404184	0.00000081179681848953
0.406192443450864	0.406190999503422	0.410402333426672	0.410404771368086	0.00000243794141358
0.431673433897665	0.431671867986306	0.481153094265713	0.481152842444484	-0.00000025182122870282
0.435906408808703	0.435903837958499	0.578256834263428	0.578257601865557	0.000000767602129636558
0.482186160281811	0.482182922549964	0.463957806884237	0.463957676074234	-0.000000130810003107218
0.35047244626973	0.350470938665972	0.450195550687902	0.450198579087049	0.00000302839914712028
0.456026497921207	0.456024447776017	0.411078775608758	0.411080085328055	0.0000013097192973488
0.498496156873473	0.498494115356198	0.368703749461164	0.368706766240524	0.00000301677935993228
0.429520856533532	0.429517517400621	0.469670388365547	0.469672146750806	0.00000175838525956484
0.549097979092012	0.549095372155799	0.458935834449754	0.458938624779644	0.00000279032989008998
0.393824641263865	0.393823361937927	0.336190937411826	0.33619246291136	0.00000152549953402747
0.363273053838869	0.363272145996204	0.432840580789488	0.432843863364509	0.00000328257502024698
0.40823964259397	0.408236557241858	0.421260825303892	0.421261855681128	0.00000103037723581112
0.362557138031507	0.362555738586982	0.39535641686789	0.395357958182833	0.00000154131494300991
0.350429342803703	0.350426245026478	0.408250401668753	0.408247841614957	-0.00000256005379595248
0.38654895135973	0.38654632924308	0.468821021312595	0.468819277630487	-0.00000174368210742459
0.350262757682986	0.350260405058043	0.426564492835173	0.426563066445675	-0.00000142638949823803
0.384003525015585	0.384000726475658	0.460603493204345	0.460602716936355	-0.000000776267990332258
0.782976204893794	0.782971546109978	0.517983684916841	0.517984404891719	0.000000719974877827489
0.429921587824571	0.429919624988231	0.42763785839022	0.427643802221152	0.00000594383093127648
0.601550419709332	0.601556386650259	0.271673010477295	0.271682652426976	0.0000096419496811162
0.437938487407643	0.43793982542433	0.350973545675491	0.350980269175305	0.00000672349981400977
0.463057526076243	0.463055289178403	0.49810171486629	0.498105032295565	0.00000331742927528467
0.570633711838618	0.570630029446096	0.367523319253551	0.367524396429237	0.00000107717568531562
0.471344825821115	0.471342305438936	0.504167203690353	0.504171725465904	0.00000452177555176903
0.291484590419602	0.291481708591713	0.278041608887947	0.278041508321743	-0.000000100566204308539
0.349076385844539	0.349074043709985	0.328629981761808	0.328631303903806	0.00000132214199832781
0.352169866054658	0.35216785300408	0.423838106044178	0.423837961475968	-0.000000144568210791451
0.637857495274072	0.637854228201492	0.306167313362339	0.306168404793768	0.00000109143142840162
0.518247310515415	0.518244956681794	0.408857281480034	0.408858238169943	0.00000095668990918174
0.458480056801202	0.458479707734808	0.344433985112679	0.344436242688694	0.00000225757601540755
0.595715418574304	0.595715608639009	0.466525849208692	0.466532223386542	0.00000637417785021022
0.425908958064217	0.425906180795563	0.492623525085882	0.492625692976417	0.0000021678905341993
0.365895239883394	0.365893289947055	0.436113431006194	0.436117072197669	0.00000364119147472364
0.523599875767326	0.523598869444616	0.371771529138599	0.371772841987658	0.00000131284905868778
0.592195918894034	0.592196107087539	0.48605633152856	0.486063717534968	0.00000738600640820541
0.433339764031122	0.433338751930032	0.295232197681011	0.295233683884402	0.00000148620339118777
0.41790951774112	0.417906342624377	0.528077663948426	0.528077881879246	0.000000217930820500811
0.425658940868453	0.42565861373734	0.32385053316737	0.323852277309044	0.00000174414167442016
0.5183700882234	0.518368379166635	0.443814065198077	0.443815421876317	0.00000135667824019414
0.614880193416137	0.614875173950715	0.431971863847771	0.431971681400618	-0.000000182447152552445
0.624781515668878	0.624780082159437	0.328097817182146	0.32810055915777	0.00000274197562383227
0.492453529719684	0.492449388632169	0.544958969249247	0.544958687357661	-0.000000281891585296457
0.638426167714997	0.638423086871378	0.464959786668546	0.464962596424847	0.00000280975630134739
0.513830948050231	0.513829248415595	0.544148933071556	0.544151632271198	0.00000269919964190901
0.421179212400409	0.421176669444833	0.234546411804383	0.234546980515214	0.000000568710830928243
0.539746120624576	0.539741858874127	0.503260395367419	0.503258927154981	-0.00000146821243840467
0.34639660261548	0.346394271250779	0.387718135533337	0.38771814630441	0.0000000107710732555333
0.359748207175915	0.359746437072146	0.422808190547482	0.422809850438484	0.00000165989100181507
0.529668199950621	0.529667654679944	0.393083571618718	0.393087202025367	0.00000363040664930203
0.503836443891332	0.50383571013914	0.349344634254206	0.349348113205424	0.00000347895121799446
0.445307776366745	0.445305503297703	0.357470915775356	0.357471711888013	0.00000079611265635382
0.50884391058068	0.508841272620635	0.523446213188807	0.52344733693911	0.00000112375030303369
0.67850646384122	0.678501977129377	0.378321932931629	0.378322265445099	0.000000332513470147067
0.334359137556116	0.334358293491009	0.360191090554627	0.360193168108389	0.00000207755376202545
0.472803191465967	0.472801519591599	0.441837458465318	0.441838539221634	0.00000108075631610749
0.50236130566053	0.502358710721369	0.603832337228195	0.603832078239556	-0.000000258988638868196
0.460086833679272	0.460084241288727	0.551333522374054	0.551334993789813	0.00000147141575868037
0.391380053180398	0.391377705776049	0.428815700396346	0.428816207362004	0.000000506965657953717
0.342679472505684	0.342677847918701	0.334598880793557	0.334599515017873	0.000000634224315509968
0.5275852124373	0.527582837537337	0.417158343587525	0.417160279781606	0.00000193619408167534
0.455251986664696	0.455253618111195	0.285588959479963	0.285592862867853	0.00000390338788980316
0.584060532421462	0.584059275311825	0.355745791257498	0.355749415270128	0.00000362401262976597
0.389236929323781	0.389235104168212	0.420850774510451	0.420855062657015	0.00000428814656389109
0.420039594786873	0.420038250369601	0.47948357380304	0.47948654560551	0.00000297180246949802
0.488550608495617	0.48854689497534	0.466594559314174	0.466594325839757	-0.000000233474417021817
0.453982331995129	0.453979767242405	0.441314082723752	0.4413137209111	-0.0000003618126518945
0.462943053530376	0.462940846175674	0.328487144577526	0.328487719577079	0.000000574999552416244
0.567516528937125	0.567515191888982	0.406199501875677	0.40620652389529	0.00000702201961266802
0.42945382695097	0.429451634056475	0.528035352090369	0.528035778157175	0.000000426066805614411
0.714851037671424	0.714846698145603	0.453218623797789	0.453219665944065	0.00000104214627644206
0.435837006556497	0.435837814475044	0.364510317224136	0.364516751878638	0.00000643465450211878
0.582217382621851	0.582216996687811	0.495971217759493	0.495977806732977	0.00000658897348404519
0.468916651913795	0.468913904118733	0.516147330898754	0.516147632097283	0.000000301198528784852
0.52092728559492	0.52092737080416	0.410231074621023	0.410238210503358	0.00000713588233464124
0.583621869673265	0.583621034382238	0.406204166113235	0.406210229228326	0.00000606311509110391
0.426030950138804	0.426029301508161	0.361963134362904	0.361964116698855	0.000000982335950694413
0.54210649647442	0.542104888816141	0.526602714433551	0.526604019924879	0.00000130549132815183
0.541082605889998	0.54107961071546	0.494019073613403	0.494019984089548	0.000000910476145088435
0.596424577729177	0.596420720500163	0.430618977366973	0.430619020462438	0.0000000430954647523407
0.369138984006783	0.369136787346532	0.462742872421341	0.462746379467056	0.00000350704571561167
0.361349041988196	0.36134665410302	0.433871380690419	0.433873145862148	0.00000176517172939539
