time	distance
1947.56213374452	0
1948.32516994132	0.122790374227986
1949.08820613812	0.245501090115939
1949.85124233492	0.368131968779221
1950.61427853173	0.490682831078274
1951.37731472853	0.613153497621038
1952.14035092533	0.870007289456064
1952.90338712213	1.21495030152986
1953.66642331893	1.77872680344326
1954.42945951573	2.42844371226784
1955.19249571253	3.07818878320286
1955.95553190934	3.72796104203935
1956.71856810614	4.4016454096199
1957.48160430294	5.18816705764395
1958.24464049974	5.97473619871649
1959.00767669654	6.82247170827305
1959.77071289334	7.96770933092631
1960.53374909014	9.19310547818735
1961.29678528695	10.4183935683597
1962.05982148375	11.6435721145747
1962.82285768055	12.8686396295551
1963.58589387735	14.0935946256898
1964.34893007415	15.3184356149817
1965.11196627095	16.6025155414035
1965.87500246775	17.9579336407772
1966.63803866456	19.4575655648811
1967.40107486136	21.3284169425283
1968.16411105816	23.6734149563393
1968.92714725496	26.3247233612087
1969.69018345176	29.2713108772124
1970.45321964856	32.2179886911996
1971.21625584536	35.2927741671066
1971.97929204216	38.6662971974523
1972.74232823897	42.9160710439114
1973.50536443577	47.3135496195454
1974.26840063257	51.8961328256253
1975.03143682937	56.6432065481141
1975.79447302617	61.6289344100869
1976.55750922297	66.9800759536305
1977.32054541977	72.8596284327069
1978.08358161658	79.1748208350596
1978.84661781338	85.9659926127002
1979.60965401018	93.0218901842988
1980.37269020698	100.358527286574
1981.13572640378	108.131277683542
1981.89876260058	116.465154706509
1982.66179879738	125.18363375694
1983.42483499419	134.113636350881
1984.18787119099	143.56561254699
1984.95090738779	153.129319418107
1985.71394358459	163.551138542075
1986.47697978139	174.057068375045
1987.24001597819	184.794924845558
1988.00305217499	196.363703418016
1988.7660883718	207.905317200589
1989.5291245686	219.802087942594
1990.2921607654	233.408900468399
1991.0551969622	247.652297826664
1991.818233159	264.318228414446
1992.5812693558	283.906039309743
1993.3443055526	303.675624417595
1994.10734174941	322.544484149311
1994.87037794621	341.801986057643
1995.63341414301	362.147445896859
1996.39645033981	386.140305736847
1997.15948653661	412.061706207161
1997.92252273341	439.065250271215
1998.68555893021	469.127292830105
1999.44859512702	500.53455509208
2000.21163132382	531.806556387428
2000.97466752062	564.465666072778
2001.73770371742	596.824862537107
2002.50073991422	621.442348728018
2003.26377611102	644.757916056395
2004.02681230782	665.615948719644
2004.78984850462	688.36136529016
2005.55288470143	703.806496501275
2006.31592089823	715.124901707414
2007.07895709503	728.150798340425
2007.84199329183	745.328858212432
2008.60502948863	767.773108021471
2009.36806568543	791.865903458618
2010.13110188223	807.575525788518
2010.89413807904	822.234904845621
2011.65717427584	839.192854039434
2012.42021047264	855.007293035973
2013.18324666944	871.853403922404
2013.94628286624	892.380679485832
2014.70931906304	916.727049166669
2015.47235525984	954.346620118209
2016.23539145665	1007.21018005479
2016.99842765345	1071.74109030499
2017.76146385025	1133.71414629489
2018.52450004705	1189.91972069542
2019.28753624385	1244.77355316601
2020.05057244065	1265.839818012
2020.81360863745	1268.3673396084
2021.57664483426	1270.46801803458
2022.33968103106	1276.66977849852
2023.10271722786	1276.66977849852
2023.86575342466	1276.66977849852
