Univariate_LR_coefficients_null_raster	Univariate_LR_coefficients_meat_C	Univariate_LR_R2_null_raster	Univariate_LR_R2_meat_C	Univariate_LR_delta_R2_meat_C
0.523866843359762	10.5213548375391	0.576800035311346	0.578783997720749	0.00198396240940324
0.610398065456487	12.3210773413285	0.312278629928643	0.312476066831784	0.000197436903141557
0.406152147555811	8.14973158987712	0.360411520524923	0.353553033433808	-0.00685848709111525
0.297449003086239	6.05014887855603	0.360680716535235	0.366371731456492	0.00569101492125723
0.489916713457406	9.53488542221079	0.487976436345846	0.469154670553065	-0.0188217657927804
0.481132628397731	8.67141376945581	0.375523886393192	0.32153452793883	-0.0539893584543624
0.340992087707438	7.10636568967877	0.403534296203828	0.395521565795866	-0.00801273040796235
0.403042614468725	7.88808985679161	0.380791222597618	0.377578732558642	-0.00321249003897578
0.568069777757853	11.0175745509782	0.553669264140432	0.53309541472027	-0.0205738494201613
0.490875215276455	8.97611745270249	0.532782820355598	0.496903489984297	-0.0358793303713004
0.392656809197001	8.30583944115059	0.448504791377236	0.47537894699691	0.0268741556196742
0.396810217084879	8.31120479463939	0.537514987001297	0.555451413415886	0.0179364264145886
0.741584785730894	15.1695134647965	0.449671727655546	0.460788677593568	0.0111169499380217
0.710268465362988	14.5516565502046	0.452917356872182	0.463372209393501	0.0104548525213184
0.390604235136213	7.59925214219304	0.32342050868567	0.320278868152768	-0.00314164053290245
0.670484433521075	12.5881425815597	0.421744769093524	0.404818754428622	-0.0169260146649022
0.467553775076422	9.19766816920898	0.623948944847527	0.643252806643228	0.0193038617957015
0.517826331083057	10.7683700960126	0.367503469941273	0.379776030494649	0.0122725605533764
0.340247426871091	6.55324457832969	0.382985963930856	0.369743958265119	-0.013242005665737
0.407869991634145	8.08182520881651	0.424597125393164	0.424558952871312	-3.81725218525641e-05
0.357474771409528	7.24438742371446	0.449264506940915	0.453317924954127	0.00405341801321241
0.453517681511596	9.2282671039018	0.646797484367299	0.649144750547584	0.00234726618028536
0.485215585378097	10.0766346882271	0.477797999592489	0.48885484618163	0.0110568465891408
0.358724098471235	7.35536002041667	0.483771724953252	0.47775375389697	-0.00601797105628205
0.483746495017687	9.16667763066543	0.415365445012727	0.399601447241267	-0.0157639977714601
0.520793309734275	11.1232756683696	0.404509907245265	0.429088179965212	0.0245782727199477
0.45183039300785	9.21961443579622	0.512863513611415	0.516316142935029	0.00345262932361412
0.56417906994051	11.5333740939325	0.474210823212361	0.498191898187344	0.023981074974983
0.408123599311237	8.00079890689557	0.354364493109461	0.330591839993591	-0.0237726531158701
0.362714800520333	7.30454646185896	0.445918894383504	0.421036437471125	-0.024882456912379
0.419035744444499	8.73039411033091	0.454131654946115	0.467223135106109	0.0130914801599943
0.359015270927335	7.58911897688077	0.381349289511717	0.394635198441108	0.0132859089293902
0.357680783849487	6.15982027804143	0.455882494225836	0.403306051491359	-0.0525764427344769
0.389452548069023	7.88239065088263	0.504205796333089	0.506039521987497	0.00183372565440842
0.316996298358771	5.89785677245056	0.39247414940963	0.355897489889046	-0.0365766595205834
0.347325701668582	6.29064794564427	0.456687674392455	0.41525852703984	-0.0414291473526145
0.330355641879934	6.44091835952001	0.361184681361578	0.349837140749735	-0.0113475406118427
0.459236616627789	9.14281203492193	0.472249119370104	0.472641741457228	0.000392622087123928
0.632259136450608	12.9431841564848	0.285426312863392	0.294237639245539	0.0088113263821471
0.373036061611696	6.79224029359034	0.465273478254546	0.430074810705705	-0.0351986675488415
0.484294712325833	9.9190836518321	0.53364378074767	0.53988433904742	0.00624055829974912
0.600989471944039	10.771784358613	0.359906032826788	0.319791792231796	-0.0401142405949922
0.479630868362915	10.0228139087016	0.51556781061645	0.54002270405849	0.0244548934420403
0.285599272288948	4.72886049956667	0.277577520387085	0.233754572656899	-0.0438229477301857
0.357067264793633	7.17604646560435	0.425224823114799	0.43192424127053	0.00669941815573061
0.310575021926048	5.52952837255266	0.360623440246769	0.316897491299499	-0.0437259489472702
0.664769618883591	12.9529617734307	0.313869990022393	0.324514898233463	0.0106449082110706
0.52544212725019	11.121331368178	0.42043040888634	0.439287427286346	0.0188570184000062
0.457684218466317	9.44555691934041	0.350371527953353	0.352255121940717	0.00188359398736332
0.632623902205153	12.1839732430637	0.497325909995636	0.500345659137679	0.00301974914204334
0.403875736967642	7.81853377354287	0.515487543930144	0.506797427802133	-0.00869011612801063
0.379537938515196	7.65934928103875	0.489424979434017	0.503967839555229	0.0145428601212122
0.527394983952359	11.5126753898846	0.373884921949398	0.401815119438893	0.0279301974894953
0.3744436287783	7.50776136252424	0.510651825820272	0.515016662117141	0.00436483629686968
0.463874240485588	8.96900532735604	0.325959683750991	0.308479750438292	-0.0174799333126988
0.436399820477419	8.41634387060576	0.559157408967141	0.528412204275831	-0.03074520469131
0.432803091483502	8.73851469045833	0.329850812947865	0.333952999808468	0.00410218686060365
0.525267468128568	10.3796774348165	0.45009532478032	0.450435094284499	0.000339769504178911
0.660273337016724	12.8806073477808	0.464210625533596	0.456315578918648	-0.00789504661494822
0.650430647843408	12.7404359490952	0.349727197363345	0.354627319442227	0.00490012207888185
0.487682040684014	9.07519276192445	0.552226705462273	0.513007924953793	-0.0392187805084806
0.671701306004086	12.561845210842	0.477633587931608	0.459195478449621	-0.0184381094819864
0.31605749007267	5.91557917117655	0.305081660188761	0.279216526750202	-0.0258651334385593
0.416288534119731	8.84891867115741	0.228447614445118	0.245132870054859	0.016685255609741
0.55311471143266	10.8859300077921	0.529331369168796	0.528939902483247	-0.000391466685548347
0.358183307866215	7.50713135024622	0.39445058482537	0.41288544987836	0.0184348650529893
0.319713098534534	6.55665715678076	0.362857327083023	0.365368736708981	0.00251140962595775
0.53807249181272	9.77253674319408	0.397564794669254	0.357275801835977	-0.0402889928332769
0.521897986738447	10.2974956696878	0.353894216909753	0.344496079822762	-0.00939813708699078
0.46156044649657	9.35415528448872	0.376374669862621	0.372057320107466	-0.00431734975515474
0.533217523455312	10.4467634513904	0.568644698841075	0.546866147423617	-0.0217785514174579
0.724754499882364	12.8928383377696	0.406131086609079	0.363027561088792	-0.0431035255202866
0.33581078936183	6.29573497316363	0.378156708324905	0.340603519117695	-0.0375531892072093
0.480398288465526	10.1146499029458	0.441767075532597	0.454888104791875	0.0131210292592773
0.379454247334639	8.24515512599966	0.417251067995723	0.431811580690805	0.0145605126950814
0.468175484847811	8.9325270286687	0.57446621105114	0.536569736840695	-0.0378964742104458
0.406259674368905	8.53951701735137	0.465209172350094	0.47901178645509	0.0138026141049956
0.348069877029838	6.4959769362107	0.42123638866743	0.385052234955036	-0.0361841537123941
0.531420674437969	10.0973239528643	0.40657113813954	0.397363586911512	-0.00920755122802813
0.471237230865517	9.77578711904284	0.295951135556481	0.308477947342722	0.0125268117862406
0.610978298834389	12.2866404885164	0.367741494601205	0.372942280899281	0.00520078629807608
0.401647512841987	8.34223671542041	0.444392108546617	0.446347030186316	0.00195492163969907
0.437162079879415	9.01915941849536	0.509868840385509	0.504675764077788	-0.00519307630772037
0.493158763514416	8.63204662780385	0.480730619223641	0.418249217422638	-0.0624814018010026
0.488266455831924	9.35105152938174	0.488203572688581	0.466612009517326	-0.0215915631712547
0.497160104873893	9.7174087076372	0.347457066204509	0.340237219551861	-0.00721984665264808
0.618791441545841	12.9999833522029	0.452118540738455	0.478452746733582	0.0263342059951264
0.459579304561739	9.38992055291555	0.573427769021176	0.568562689004344	-0.00486508001683161
0.739258085631346	14.0019706555827	0.4711496956813	0.414879758374694	-0.0562699373066055
0.44374438952193	8.98134624068454	0.382958053602397	0.393481484427951	0.0105234308255537
0.355917916738313	7.18078495737096	0.421217690555724	0.40181324660764	-0.0194044439480845
0.470103551247736	9.79333184103131	0.53766560327901	0.555066341707831	0.0174007384288211
0.544772339356515	10.5915765203331	0.436706042776808	0.42162979892878	-0.0150762438480275
0.604756101637326	10.8669644841723	0.414236042844975	0.378015317197144	-0.0362207256478307
0.422885412182273	8.34315429511806	0.364226642011392	0.355825475794725	-0.00840116621666775
0.527074217781182	10.5931420657303	0.518670762530107	0.522178882303994	0.00350811977388665
0.538368048710423	9.67823741432702	0.501900923951107	0.45811732273725	-0.0437836012138565
0.600017354717289	11.3316299354052	0.424615341393275	0.374809588119963	-0.0498057532733116
0.376017633937195	7.30867752156358	0.443607966587487	0.440994244884385	-0.00261372170310242
0.413172420201578	8.26950807882095	0.539283160868407	0.540918523360307	0.00163536249190011
