Univariate_LR_coefficients_null_raster	Univariate_LR_coefficients_bird_richness_R	Univariate_LR_R2_null_raster	Univariate_LR_R2_bird_richness_R	Univariate_LR_delta_R2_bird_richness_R
0.262322574424212	0.00159223314599858	0.322608743320743	0.295450329248106	-0.0271584140726374
0.18941400571477	0.00123167019754395	0.199153209141687	0.195531146258539	-0.00362206288314806
0.413002022277558	0.00245157395080671	0.363321577685604	0.330748031855994	-0.0325735458296101
0.344935530898249	0.00204268589222801	0.276852268519031	0.249507701571388	-0.027344566947643
0.201898486248692	0.00116532465342499	0.175021785754743	0.15599562855634	-0.0190261571984031
0.271958871245002	0.00175010451058541	0.33208065831701	0.323700485777215	-0.00838017253979517
0.298734910368452	0.00186663568092239	0.5664160565061	0.54870350171804	-0.0177125547880596
0.256442194889063	0.00161799032488478	0.447664126806018	0.437770300452847	-0.0098938263531716
0.297732359904272	0.00181285425970103	0.299809189855429	0.284669257334134	-0.0151399325212954
0.171334171841469	0.00103708337834734	0.150871663326661	0.140207034387459	-0.0106646289392018
0.328686361316565	0.00212143480887261	0.416223372026439	0.433464368370927	0.0172409963444878
0.208855173210679	0.00136431631685307	0.0801998396889913	0.0942406393225901	0.0140407996335988
0.0546836103213451	0.000331721899229331	0.00310839808567133	0.00288278355238291	-0.000225614533288419
0.297912756604895	0.00188627160598696	0.174699728053181	0.17190408007328	-0.00279564797990137
0.367959212626779	0.00234176370039881	0.753687605324316	0.740402880370477	-0.0132847249538395
0.200621711539071	0.0011789954299664	0.255659826483456	0.247636928729173	-0.00802289775428336
0.320628946181411	0.00181308492234574	0.366980627636471	0.32691957154984	-0.0400610560866312
0.229400072267701	0.00150778368396833	0.217644803462346	0.238204767560053	0.0205599640977069
0.401261598010057	0.00253406218801963	0.5115236614518	0.491776245252497	-0.0197474161993033
0.25120428052712	0.00159052909834415	0.277231758845679	0.270081998591207	-0.00714976025447162
0.276326207112296	0.00164863404932165	0.319869858910122	0.320079332118895	0.000209473208772903
0.287963354749605	0.0017015328381923	0.332024224013677	0.333135539781393	0.00111131576771684
0.477411520410543	0.00282545646599347	0.424563104086757	0.350832607965277	-0.0737304961214792
0.15326789562427	0.00083925472210913	0.10695769034253	0.0869248480040487	-0.0200328423384814
0.215528791038733	0.00131674483310168	0.29346202517197	0.280358263895794	-0.0131037612761755
0.145307245235685	0.00085189849810795	0.132163728145993	0.11862616627476	-0.0135375618712338
0.368011263389756	0.00227926486583877	0.553481527750023	0.557533124418364	0.00405159666834098
0.236775677741162	0.001466721124917	0.211422840004233	0.212639353121853	0.00121651311762025
0.493706326093707	0.00315912059076204	0.565058824519742	0.588268620258898	0.0232097957391569
0.362627093637734	0.00222854020946192	0.37716416377704	0.357432781667039	-0.0197313821100012
0.36960156676913	0.00230380679005485	0.195904199374317	0.188903101479735	-0.00700109789458234
0.296389188599478	0.001871772345317	0.45011803472699	0.443886641670792	-0.00623139305619763
0.0875650967779563	0.000565787966801055	0.0495525496527463	0.0509057615078129	0.00135321185506668
0.252231065832935	0.00155247222042052	0.47849686661961	0.494063845826195	0.0155669792065852
0.215745441369787	0.00135048629747222	0.263329620706553	0.252750512562721	-0.0105791081438322
0.243638025946456	0.00152675960397018	0.321673307015317	0.31213546147958	-0.00953784553573761
0.337293695761776	0.00198812118894973	0.428779048133682	0.427524959153809	-0.00125408897987284
0.222658179900909	0.00135120251956035	0.191046257244022	0.184999578778045	-0.00604667846597726
0.177595090880859	0.00107396188986659	0.0797280058256116	0.0713102843518016	-0.00841772147381004
0.383747657955253	0.00240217270151563	0.373956992046316	0.339123940563751	-0.0348330514825657
0.323529147113634	0.00192924805876488	0.349732403149747	0.338998452268554	-0.0107339508811924
0.381360891792038	0.00237891085528907	0.330028523657793	0.327831302407796	-0.00219722124999638
0.210425693915064	0.00109873720480375	0.104131912858867	0.0812627561988931	-0.0228691566599738
0.383168011530173	0.00244934198658176	0.340828208568213	0.335747564910944	-0.00508064365726923
0.226942670136525	0.00135003246328561	0.247059582755267	0.215220359235469	-0.0318392235197982
0.165919595803474	0.00100285945861153	0.216825508698396	0.206983206895209	-0.00984230180318765
0.351172389703511	0.00205001640805373	0.515941018145619	0.460154484105701	-0.0557865340399185
0.141093247416346	0.000872006595350894	0.0560660035056124	0.051175297876902	-0.00489070562871041
0.416759920574893	0.00247649047618637	0.366086306022423	0.317682269757787	-0.0484040362646355
0.138258642880463	0.000851407799050121	0.0971742278316691	0.098255025754431	0.0010807979227619
0.194452571670632	0.00122050113679386	0.184544487098925	0.175334609452417	-0.00920987764650782
0.327702017267588	0.00195175716162531	0.204531322149339	0.186163683429854	-0.0183676387194852
0.326525729684636	0.00201394036606615	0.276482561864855	0.276579399432568	0.0000968375677136701
0.177000446951675	0.00110593312623584	0.125377965127637	0.135554564385004	0.0101765992573673
0.263852062029329	0.00162025082467879	0.297159790007945	0.304518834466158	0.00735904445821228
0.335413216114884	0.00211997901240074	0.37655302472012	0.373621254218352	-0.00293177050176791
0.21931500991072	0.00123395105371014	0.122223391584183	0.0991923427546057	-0.0230310488295772
0.281615001091271	0.00166254702631432	0.309954380098723	0.298492370488585	-0.0114620096101375
0.195221781862019	0.00115008887477045	0.246213124476023	0.205687796036094	-0.0405253284399286
0.328475987278957	0.00203262957897343	0.304699572048603	0.294947978632219	-0.00975159341638354
0.12548081371008	0.000844886705633297	0.0576245500128291	0.0654974520393503	0.00787290202652113
0.380221686199752	0.0023725986929345	0.436460465226336	0.412191222649014	-0.0242692425773222
0.271106112843045	0.00176568920495561	0.295201593068526	0.300681117436741	0.00547952436821536
0.268529727525356	0.00154924413133747	0.215882683742674	0.197091015007345	-0.0187916687353291
0.268915680207145	0.00163266272285679	0.33528272064882	0.316605914597371	-0.0186768060514494
0.188840001307992	0.00120267074884771	0.193780114543695	0.222249035287891	0.0284689207441958
0.294343398986945	0.00182903696257932	0.199560110827084	0.201423724275209	0.00186361344812525
0.262515685109764	0.00155494986194819	0.170153249306605	0.152180728031078	-0.0179725212755269
0.33224920944358	0.00203830681464328	0.179260096885826	0.169422744031125	-0.00983735285470114
0.171208000097193	0.00103352601071164	0.105409983751183	0.0969044521216195	-0.00850553162956312
0.324182025710447	0.0019007246490125	0.349337781307474	0.325950435943996	-0.0233873453634774
0.396984140835037	0.00240779080885513	0.268140647585385	0.260924146809401	-0.00721650077598401
0.253230271465248	0.00155250199098019	0.263960025794296	0.258129657152261	-0.00583036864203457
0.150952585961184	0.000934981760608966	0.186481670345029	0.179026388650852	-0.00745528169417675
0.313515730408574	0.00178733543116047	0.393752308076264	0.355455757121834	-0.0382965509544303
0.381729673877589	0.0023867464733044	0.60066321263524	0.614176705481162	0.0135134928459218
0.380408026982781	0.00240721306606593	0.560794107523312	0.534476118794951	-0.0263179887283619
0.263297713374962	0.00158544702207243	0.199855470298565	0.191245165159898	-0.00861030513866701
0.166394592631573	0.000888453314188299	0.061314455634477	0.0476849304291109	-0.0136295252053661
0.332299790113619	0.00211591745986383	0.413726830994624	0.380272573782744	-0.0334542572118803
0.139654742454659	0.000872765548892828	0.030141994366487	0.0297446858899171	-0.000397308476569883
0.2152137152705	0.00133687676277417	0.215355338530456	0.20962581234882	-0.00572952618163644
0.409870527755173	0.00244203589212714	0.44317650581574	0.401623518829601	-0.0415529869861399
0.284259039142053	0.00176661503237316	0.579284344376263	0.561470547123375	-0.0178137972528878
0.241920399638981	0.00152776018988359	0.227047707686186	0.24049518907568	0.0134474813894939
0.413098725992434	0.00261522682887929	0.406504148838753	0.40849696957702	0.00199282073826684
0.258246405201479	0.00161039572429218	0.331995650260501	0.326579911141757	-0.00541573911874466
0.263783959915368	0.00159780597447757	0.394649664669252	0.364085803845951	-0.0305638608233011
0.202182795465973	0.00128678961187479	0.283187361026494	0.284895196946135	0.00170783591964019
0.372736218170831	0.00237737495354275	0.38587677904769	0.410022785503024	0.0241460064553336
0.0858440154864465	0.000518164042717906	0.0371927579866985	0.0340513609251299	-0.00314139706156864
0.0888771844058378	0.000662027585537798	0.0360407182188392	0.0469849776665787	0.0109442594477395
0.285061868130876	0.0018236585514637	0.240233614807825	0.231430727825285	-0.0088028869825397
0.187684685627995	0.00104615576126487	0.100950279113238	0.0850525174760011	-0.0158977616372368
0.209858376214808	0.00123181427929253	0.151732114670386	0.146413944107677	-0.0053181705627085
0.35937181630942	0.00234422495395689	0.274476078243037	0.304840997011668	0.0303649187686308
0.187804240080916	0.00124775587779671	0.0701999947546988	0.0674876950484615	-0.00271229970623731
0.184346951330483	0.00109027246050963	0.123706750091684	0.106408448379854	-0.0172983017118306
0.139784063032013	0.00078767190190702	0.0566627737835538	0.0503794518134651	-0.00628332197008865
0.450305475183988	0.00278178165354389	0.396318643502751	0.373800050468245	-0.0225185930345066
