mean_branch_dispersal_velocity	weighted_branch_dispersal_velocity	branch_dispersal_velocity_variation_among_branches	original_diffusion_coefficient	weighted_diffusion_coefficient	diffusion_coefficient_variation_among_branches	isolation_by_distance_signal_rS	isolation_by_distance_signal_rP1	isolation_by_distance_signal_rP2
92.4669157647464	50.3314736505176	0.952084811227845	2532.60871079722	2407.02832398293	1.25210906186053	0.291292198818297	0.325679369453622	0.283662672341715
103.637538378852	41.4493851534219	1.73935871722794	2204.3003006167	2072.03568876492	1.37335323565858	0.298911809916454	0.328012237891138	0.267752339599656
104.163842238175	43.4688062946782	1.76259631278843	2154.85496218712	1955.28667076969	1.28950728882516	0.329177480551061	0.342627093085517	0.301734183451861
105.52218325121	49.4288684769699	1.16483458958577	2720.17383407914	2460.21856563751	1.34556477260853	0.297981831613473	0.323684064505953	0.28821468880196
103.735803087157	43.7037583279481	1.54466227799223	2070.65959606142	2175.7221547169	1.14403375199896	0.294555779068387	0.310559151518704	0.273045833815484
90.8928680629366	44.0463554095339	1.08181177711829	2248.81694788497	2008.94443388663	1.13081743761955	0.294745555517219	0.326565572227429	0.280488045696673
97.6466272068708	45.9825684898557	1.15665247592524	2363.79167346248	2421.89437064749	1.18518000101338	0.262826141598769	0.2526668732336	0.225742633224804
96.1455444116355	39.9173181176488	2.19376733277917	1847.48369511311	1873.21395361512	1.33933481823098	0.310609552010259	0.324447511856437	0.287745963864334
81.361086649787	41.7036297898092	0.986895744734317	1934.88847313119	1993.09509363718	1.15775749817562	0.296405679145457	0.338285951068358	0.290923380682506
89.7338224884932	41.9796487686522	1.21381861207885	1822.00328966246	1980.10980245061	1.17424242693563	0.310293554561454	0.334580365989106	0.300812522690714
88.4157146381769	46.2495744466531	1.18404477794717	2206.01768048658	2160.18204103594	1.23762044243708	0.282129461732414	0.294933154450849	0.266394604572875
114.805930998944	47.7256474072792	2.06412078752546	2342.88431069245	2567.13675915035	1.30929331294311	0.308661751573053	0.337431481660786	0.297964720784401
97.7815233886131	40.9173109932431	1.29095111568155	2142.35967393307	1957.86221474159	1.28504677863287	0.299616166229917	0.336266431309026	0.270373803791622
98.1739583212025	38.1666517401926	1.43844034293522	1848.88523600646	1865.95633528727	1.19999544673601	0.300061715671331	0.332048524834244	0.274483332290051
87.3669213474208	43.2686013079113	1.05586912330026	2068.56182577837	1993.80515604003	1.2456397541386	0.319556498899018	0.342639788389654	0.299646901110898
112.328598577043	46.7008734549235	1.49600012935922	2762.79072665773	2411.33150879144	1.25820846501735	0.304976365691668	0.336878136919975	0.27320380034552
97.080111814327	47.8856574529309	1.13057306961685	2292.48859899035	2691.9668744575	1.25902717278389	0.315071236043881	0.34945347535935	0.30101265853041
115.992318446463	48.5726172322453	1.31888283370132	2867.49287325181	2565.08260088143	1.17460892260919	0.300342863507769	0.328273078853898	0.276654122313258
80.692074303256	41.9139388710024	1.27290853900576	1824.01580112341	1930.58556597352	1.43591379616979	0.301409103941166	0.342741852060719	0.296374750610806
109.096012899995	48.7770254359415	1.09104042312028	2584.97218607873	2210.69619451197	1.26513323417395	0.295675885232206	0.320734081363027	0.284197119372664
90.8676246358919	46.0273987183322	0.948795543730944	2298.99528593064	2409.90176110884	1.23344396938248	0.228805708889261	0.22016104067471	0.207515646408271
111.430550710062	51.5300941462957	1.26289246925055	2726.54134806618	2675.13493676693	1.36239847790846	0.302904255043787	0.323042536677683	0.283943244389876
79.8073985810033	42.0740744844859	1.20673350485318	1904.15113207962	2053.07343582661	1.14810172603475	0.306697510411689	0.320382923315462	0.279362593002706
100.688371812681	50.5790380461812	1.12814349862852	2644.08111473577	2730.79571573504	1.41903151263956	0.285719189907377	0.289227380613573	0.265457981288212
100.342960154512	46.9370133725656	1.33237756183777	2342.10265030701	2372.97420075466	1.22146146333376	0.306279905604902	0.335096751279439	0.291797823112278
109.406594965316	40.7440918597353	1.76066793593246	2143.50860703362	2091.9843475249	1.2385134206364	0.305774751626843	0.332890070254865	0.28027944888552
91.3447607360929	42.1177653049224	1.20990257163425	2117.97920767663	2148.14398719671	1.52324023090946	0.286341304265161	0.292029924632906	0.264725024423267
98.4217749363528	44.8188078217045	1.5944690268248	2253.75376970977	2243.78035170719	1.14051311174718	0.312971143109671	0.350019281711931	0.294065906179818
112.370120962946	43.7919029272422	1.77085318280115	2489.952058967	2238.01949920656	1.25850216191588	0.298811909405974	0.326329890201969	0.286822681180788
103.508803851042	47.106941321257	1.81011902604059	2240.21282496713	2177.40873217753	1.40934236850023	0.305081848478591	0.316168651492904	0.287224348433776
112.242821688835	44.8623397356639	2.14455705647639	2206.42885235693	2126.98112748686	1.27179494791543	0.308036046809361	0.319530747257885	0.285015432049357
111.211866258485	47.1164371050818	1.25929684861824	2420.5140477994	2284.65501958547	1.16477457082352	0.286929055497748	0.291467095672136	0.267691468309846
90.991296962054	46.5071214714557	1.1149863820169	2202.69798559259	2226.18852721727	1.14400166796407	0.296642400983387	0.315567954874863	0.286081306627995
92.2802412568131	46.0388438453465	1.17491640032189	2127.5492703508	2401.14153465148	1.19408272130375	0.293872934516837	0.317244888100831	0.283070290872903
108.534404584141	47.1633508268846	1.85437964247338	2264.25460289772	2280.91341059165	1.18635311387891	0.307079483912108	0.319319552148854	0.2918967741782
107.934148075785	43.01979321649	2.54754669560824	1895.40715161426	2023.97049984222	1.22386221862062	0.277821255467597	0.279565006674974	0.262635041059707
91.7709436849291	42.4073533207944	1.40093060978555	2293.07317652059	2265.55994276791	1.29146170799879	0.298059043716278	0.334197475303143	0.26562081574701
100.936183216403	47.0741439934183	1.27347449158052	2308.15334668707	2255.64933250943	1.34641889241779	0.298226882347746	0.308313516857711	0.274932833505331
113.861888321928	40.869900535846	2.46282827332944	2240.01741768087	1911.0057951903	1.21218587698728	0.292453321981906	0.332335055987017	0.267198025012164
119.566402498101	45.8245052680303	1.37251780367382	2700.96788764639	2588.53811810411	1.24389570004769	0.30923155800175	0.340178614104525	0.285742591426847
85.702669584003	41.6565795858425	1.30438117327194	1932.16446509015	2036.67667324472	1.33289082474748	0.306698989843209	0.328369800305032	0.29466029281474
115.628978237731	41.5554022565636	1.97461241102582	2172.26613068799	1947.38358139119	1.13396617310122	0.307414161113484	0.341860568679609	0.286480275706892
96.0536636684532	46.8613998419027	1.05448764993863	2334.15751258238	2548.32659159602	1.26697472518951	0.302314778569275	0.326947143439865	0.280370307543361
93.3118221431302	46.5755693593684	1.09385149040047	2397.1263960482	2337.18192704077	1.39178350117054	0.290039110270179	0.278759672694554	0.257025313264163
125.115192946501	49.4780526969421	1.31294638724636	2978.56728289754	2452.38361593876	1.28867330318048	0.273705211496091	0.277144833293164	0.248573781076688
94.7353867296807	48.3397003837224	1.43032414345425	2331.72784806502	2374.85355231244	1.1530526959073	0.299646165912951	0.309057431702645	0.277529595626991
109.029242379931	43.3622039254863	2.18115369145851	2441.76586890559	2086.56254146073	1.11486641161139	0.260183656838181	0.280613752566457	0.224694293264503
68.0956090853649	35.1937801036406	1.10715657804948	1562.50634836553	1738.41966985952	1.59515201512179	0.317737630205667	0.346153200255629	0.293729318889293
118.068016816851	43.7341853232015	2.00742577351024	2442.51602763403	2163.37046344078	1.23927381997915	0.31397043857626	0.346707767370415	0.295741852274472
92.4025937642429	41.7206445251878	1.38462631940039	2106.82087335313	2088.58999875963	1.24868843174027	0.310457688262744	0.34255926190577	0.287838754838706
94.7931730988177	43.911844529752	1.28250094743782	2215.58766430674	2353.19086367749	1.31643523630218	0.297678091153182	0.32174480390254	0.279990011656021
104.598088855892	49.7957332168654	1.32060562776973	2408.32162148097	2402.43874759845	1.22348488754087	0.277128827568917	0.276572362567623	0.249160052143861
114.108828280138	42.3474084659558	2.29720726549145	2075.0607361335	2129.12923323155	1.25982751309442	0.315367511180844	0.347345866757863	0.28970207642095
112.269409872488	48.0362573989535	1.60430548221552	2431.20463223464	2618.21800208268	1.20786704175151	0.296130741793637	0.339654995345818	0.281114257084212
97.1675047133318	46.0982372382327	1.15212655121407	2304.84026481663	2140.15847209556	1.1530573909107	0.290895138100809	0.326119941953505	0.274810832430946
88.0543895133086	50.4465885744047	0.917453513979292	2380.62684173017	2450.49494104631	1.09079016892508	0.303012584001639	0.315962003434588	0.281731273497228
110.441994400559	46.933885551204	1.50522372736758	2602.84327428972	2540.59029290052	1.28983110286853	0.306170113407462	0.339930655819111	0.279920583359127
92.2270180062957	44.1777440744155	1.60641928006202	1968.16257937529	2237.26486813483	1.21990289065114	0.305774063010431	0.347759676261735	0.290078049100791
103.722063515028	42.1370256462447	1.84496998489001	1974.84202596236	1990.15538058221	1.18374952464832	0.318345917794651	0.35499728976539	0.28820356972179
116.806149722465	40.0324099605817	1.48758956075438	2257.4440985759	1954.53846981801	1.200264584917	0.314962880471407	0.349447705458994	0.285783964537034
105.230954119751	46.1096521347854	1.37957936568669	2171.25975545364	2237.83130251518	1.08980752361713	0.307613972774055	0.331725854883069	0.292900400509173
99.6985923205213	40.9173306282287	1.50187484287646	2087.74959634071	2008.44982277807	1.2633111034557	0.304101489499835	0.339538978582492	0.282426769377644
101.603972398976	46.3469847735023	1.14945928541742	2384.85244359008	2417.40375294265	1.15987516084418	0.298010801566666	0.334244513574505	0.284744504230597
85.8958495699061	39.8015811178533	1.071991591939	1902.7608288231	1766.76563206046	1.31792781266475	0.321694098649498	0.353600690555385	0.302434873552627
131.377968980016	47.5717990002141	1.61537424491575	2955.55881508974	2706.58751703894	1.18523713039619	0.335953145768736	0.362951069104584	0.301458207962591
104.135918590225	46.790060540658	1.20878750940902	2347.09971354227	2265.52268069367	1.38202080270799	0.316698074042298	0.324255935990777	0.293734510256527
113.326757616193	47.8186727971611	1.82592018966155	2354.85084560852	2325.97578716541	1.27779133445308	0.316610806295126	0.322838328695366	0.291539235844307
82.3928790392928	43.0819804089517	1.0283567165033	2083.49361499812	2028.26443418991	1.11149200057292	0.30557215752725	0.341483180667138	0.289520683180464
93.4860170173013	39.8955049248812	1.36689502024356	1974.30977185306	1765.08146363839	1.28390212897958	0.319920467672211	0.345614036034277	0.294714812901934
78.954500080749	41.4548630649775	1.00297161670015	2030.95523661171	1954.07543241067	1.23621128672502	0.309811995279866	0.336638120425967	0.292312508214706
105.10672513042	44.389310655831	1.38707194688833	2322.46431567868	2353.80086123792	1.27105970647973	0.285420213418063	0.305715506093202	0.267402451472241
97.2920762011877	39.7307305987681	1.65363958916185	1975.90173605552	1921.00702704464	1.34399210432024	0.327695382815674	0.347526588553268	0.278914909573415
113.836002224275	48.7178856472959	1.93404264305775	2537.54833647338	2471.23944754271	1.23344641380615	0.291803180292196	0.295384584756967	0.269446565618487
106.735643516936	49.5090691856717	1.33035733437046	2602.39265024224	2596.93534304788	1.16070541053657	0.317757258924597	0.350101672570504	0.293518209545699
97.391888877252	47.3071287209255	1.22249011996807	2328.7494363072	2646.05986945287	1.20956105927517	0.310908885661048	0.347914017061402	0.29980019057702
134.696550815315	48.6293740098059	3.00252869652357	2513.35977085809	2489.86757879159	1.27326293996955	0.313731136483116	0.331597034538761	0.292704048349481
100.500427177168	49.3811701863238	1.17515105163548	2393.80750635647	2297.28774920409	1.08892358367411	0.266219495679315	0.265748974669291	0.249208281080415
115.627639669609	47.6354105631151	1.63946362806632	2480.88697883088	2340.46658706887	1.20260622409364	0.294490651104932	0.29240458302036	0.265766191094965
157.065725194679	48.7389004620257	3.46971982780642	2899.20919741733	2527.15145342896	1.12203306217718	0.309577954653102	0.343262116643375	0.285399772639938
91.1593366260774	44.7688554229232	1.11442360539603	2551.97109477485	2310.08034139413	1.35107939174301	0.306328559698974	0.335508509385856	0.281934240872286
102.219994388304	37.4587041590497	2.73848527883226	1983.99203595055	1892.07536757525	1.37361647701885	0.300858671637937	0.337271279001284	0.276860559961445
110.900051443924	47.8427589002552	1.80781237215541	2504.08202795689	2359.38046301252	1.39409808663291	0.282382881081016	0.292220932561591	0.265884430372934
100.001215540861	47.6229720214459	1.14863076861586	2230.88309502122	2192.25706802599	1.16981750787363	0.308517255041137	0.318503883420684	0.290366698186217
185.324972431705	43.3192129589523	7.24135279004537	2047.0887749606	2071.7238107875	1.32603126280826	0.282534812843205	0.324138586734538	0.281427832251926
115.927230740847	46.3004081700349	1.84477783787408	2323.94383152892	2317.15522037584	1.26238510898786	0.305234607507938	0.339987151051803	0.293813679263611
109.249337142632	49.8361957416703	1.33798320760584	2704.83975389156	2455.47274803224	1.19640331237079	0.297147512460213	0.338738745009873	0.279850642553769
113.896773278792	42.6016055169296	1.65900226167269	2303.76406821294	2162.66960120943	1.16067393012468	0.301091147910778	0.338469966014348	0.278815794492128
93.3086638677398	49.0923515779374	1.13446856943277	2254.06423861701	2673.03250686625	1.12434551115662	0.309433114194719	0.330383404495898	0.290499031246949
94.3927902370705	42.3489539736858	1.1170153097053	2221.98156785659	2053.05417987077	1.18333880434521	0.302581593128972	0.336914788009064	0.274179308744203
106.321441078266	51.0857592751369	0.989173608940397	2907.469081984	2464.03835242122	1.19525501851708	0.301901656090336	0.327617829638803	0.285027869886549
100.084472633463	47.4448303669221	1.17826325164922	2383.56482345483	2683.82958861213	1.25630006300869	0.308704567672415	0.345220208959868	0.28341222428177
93.2825204715059	43.8519470163934	1.46057584373796	1933.19811721857	2016.93846000219	1.23246548693347	0.289231708329583	0.295306808846653	0.268610796980933
122.083706911402	44.7178508946743	3.13087214660326	2375.63851960038	2118.1879077106	1.3014493755379	0.307890560523415	0.327953497571012	0.28310435164616
111.724018851458	46.4010420583387	1.54558386865456	2528.4689748898	2199.00107573569	1.09576103233757	0.28816084176262	0.330990102033883	0.273195197911884
104.666698781992	48.9926820065688	1.33190665396725	2415.79640216423	2293.79780427578	1.16411616862793	0.298823942844098	0.332550514166752	0.285197061351402
87.8755634946654	44.5499372899346	1.30588223297225	2178.8644373984	2202.31432038658	1.30929126114718	0.317504895267826	0.350358778244217	0.297402693349719
99.6904081469438	40.5864123187958	1.61487493924748	1850.31025708677	1879.66853722583	1.27427790254708	0.284686223291653	0.317244746514768	0.272863079501929
103.690913141368	43.5184374761842	1.6676726595995	2226.51197382319	2127.00391131178	1.19504700370563	0.268073371106066	0.299374703464577	0.252547785106134
114.914972866575	50.7366828855013	1.34025565930076	2614.20256083421	2730.99521402211	1.28560057007457	0.291778149288399	0.308966365306421	0.280504143308588
123.813008949972	48.6919269434035	2.43312064688242	2681.86912272426	2559.27328518231	1.42677090760652	0.319367622255873	0.329079598743439	0.296017205317991
