Univariate_LR_coefficients_null_raster	Univariate_LR_coefficients_unifre_C	Univariate_LR_R2_null_raster	Univariate_LR_R2_unifre_C	Univariate_LR_delta_R2_unifre_C
0.346611941887583	33.1906930363256	0.327096897778404	0.315774174443129	-0.0113227233352747
0.384754555341154	36.7911774154551	0.289265299730484	0.272158485619753	-0.017106814110731
0.321188927132217	5.54166838810942	0.505346156524557	0.0936851922248456	-0.411660964299711
0.254866679747832	18.9916089639018	0.388360653011702	0.232449211623353	-0.155911441388349
0.325021407391504	30.6435962936045	0.420742643015811	0.372125055985182	-0.0486175870306289
0.270714845542385	19.7494692716137	0.507631385811764	0.243619534374033	-0.26401185143773
0.387559889191987	36.4900521810262	0.509928292595083	0.383480696192227	-0.126447596402856
0.439752233897074	32.3787474619057	0.550380465138913	0.715358092511082	0.164977627372169
0.332876567296358	26.9769776555612	0.420341032080361	0.25207902322881	-0.16826200885155
0.354753563720059	11.8042746722257	0.405202471714198	0.118992213186664	-0.286210258527535
0.352215887150166	31.9263570604495	0.371900897314699	0.29254199432052	-0.0793589029941792
0.218406416877656	17.8695650942306	0.406928065707385	0.24567121722261	-0.161256848484774
0.273308854519352	26.48522734276	0.476475202786151	0.343744430828302	-0.132730771957849
0.277483922225194	21.2184122850212	0.194861146808132	0.140208136658938	-0.0546530101491941
0.245550760206688	8.61913307841689	0.437015213466651	0.075702311004918	-0.361312902461733
0.349680314238313	9.82926103255696	0.439582182094636	0.117597401889009	-0.321984780205627
0.268649434390359	23.4673398423447	0.436354922476712	0.304079564603001	-0.132275357873711
0.247792329792701	19.3645216507726	0.259437036058985	0.18737855871305	-0.0720584773459348
0.319190778886428	28.0031288913489	0.349725757354604	0.250720783980689	-0.0990049733739145
0.270344499902762	26.3929021697807	0.424967940672487	0.340385866041948	-0.0845820746305393
0.268979448931406	23.598147170288	0.410405801376889	0.25478718168256	-0.155618619694329
0.243918017576049	21.7782779763927	0.27763612039315	0.173306373675805	-0.104329746717345
0.290133902174924	25.9642833297945	0.530838452524534	0.452705024038334	-0.0781334284862001
0.214100377088007	21.1887471372326	0.213883168230336	0.198922158339145	-0.0149610098911907
0.365241720761659	21.9305905275311	0.473890067663764	0.392507493759715	-0.0813825739040489
0.283340507828163	25.0098789213113	0.239565608515106	0.190962172557635	-0.048603435957471
0.314143777361619	18.7057403538666	0.333809088891979	0.233808606183021	-0.100000482708958
0.357549421149445	31.8727574319584	0.362082217829381	0.327369150006004	-0.0347130678233767
0.362590655585543	29.1898513854819	0.513955810209244	0.404540015958593	-0.109415794250651
0.356203908744226	36.8703930147986	0.334650386736082	0.258962296407786	-0.0756880903282957
0.249502020094384	19.8912026824713	0.32099863186864	0.228535463387805	-0.0924631684808351
0.220296731337961	16.9582469093549	0.380749893732365	0.23381031646952	-0.146939577262845
0.306902267683027	26.2533355855984	0.396739956262336	0.290628872199174	-0.106111084063162
0.276038675846178	23.5753721525995	0.368425652955759	0.295352702715671	-0.0730729502400879
0.424489437509876	34.1737748257125	0.52707212297476	0.442309091299321	-0.0847630316754394
0.261966494769299	18.7386325140253	0.342665626609614	0.205549896851633	-0.137115729757981
0.225546549834605	18.8254394835848	0.365838097183126	0.268961980948026	-0.0968761162351
0.274404331722716	15.8117352854954	0.439425497881572	0.230779720706279	-0.208645777175293
0.333719985921835	30.0848257823597	0.437066164686913	0.422139526596299	-0.0149266380906142
0.318324563895129	28.4368689095798	0.335013201609268	0.291911890628727	-0.0431013109805407
0.286440760924098	25.4951664700358	0.317041641226403	0.263998420390888	-0.0530432208355154
0.325157957727569	8.21279639995155	0.331230636898204	0.096816228022354	-0.23441440887585
0.290387644963121	21.0672373964856	0.375776879689222	0.252331527338699	-0.123445352350524
0.272225533824467	27.4467347252306	0.292389049627028	0.271314587301903	-0.0210744623251252
0.311199388106674	30.6952441869611	0.41277033381506	0.323255966756212	-0.0895143670588477
0.227890617212938	21.790355077601	0.252597230175783	0.192316702079575	-0.0602805280962088
0.180638383369219	4.77374873934056	0.153914166529207	0.0314019086435113	-0.122512257885696
0.253789967109821	18.5104613585282	0.460565841698607	0.311593082874239	-0.148972758824367
0.292210351598041	23.4577786118528	0.346868212550071	0.217004789373951	-0.129863423176119
0.27860497956932	10.9386170544053	0.615377543144408	0.221608090375012	-0.393769452769397
0.272307184134317	21.1273970864004	0.469878957984442	0.243100543359902	-0.22677841462454
0.30774646112674	28.5525503290947	0.417838363566215	0.351613221972624	-0.0662251415935911
0.376602389229779	32.4523843210704	0.597001217588583	0.39347008908032	-0.203531128508263
0.494118229682049	18.7523597840087	0.539061096076007	0.256810087001921	-0.282251009074086
0.330262813203342	24.655788162522	0.380952114783675	0.210057022613333	-0.170895092170342
0.289455282688802	11.3067084507161	0.272173820301914	0.0583895177808118	-0.213784302521102
0.293266438999808	30.238983235676	0.39780316674279	0.359770217310229	-0.0380329494325611
0.311047642043601	27.0814056174216	0.46153927150783	0.422429185786588	-0.0391100857212419
0.263368529806414	20.9109068763988	0.404792194801954	0.258948462726634	-0.145843732075321
0.371372544708753	31.3694452677359	0.489899930581447	0.404045125258822	-0.0858548053226248
0.37036845963276	10.4212366881908	0.355314161030165	0.0818472052126417	-0.273466955817523
0.223996962189433	4.86780005816301	0.331950075664408	0.0706276249702168	-0.261322450694191
0.40858633933029	40.9999157254785	0.379802781632781	0.354493746988814	-0.0253090346439672
0.26461890493214	11.8828815666436	0.448724398151317	0.165628042491586	-0.283096355659731
0.33005119551661	14.9955065470469	0.523773566515616	0.269699544391752	-0.254074022123864
0.314832538324166	25.1193941725779	0.463469721084445	0.294920717082003	-0.168549004002443
0.172818776840519	2.81502355692416	0.205394745197339	0.0167237575507091	-0.188670987646629
0.293653063879251	24.4743548048391	0.351505163515792	0.326572539948591	-0.0249326235672007
0.221464156570921	19.6339010369281	0.16312532548432	0.123707430921935	-0.0394178945623847
0.237397219601059	20.2142754794067	0.258211469222609	0.218907733046013	-0.0393037361765958
0.250633929115608	23.0608370478105	0.363650938779568	0.288392556331401	-0.075258382448167
0.249664900894143	19.8065199259811	0.420841075199648	0.211174973884529	-0.209666101315119
0.388479346938784	12.5544590640753	0.346340725750067	0.100508556440363	-0.245832169309704
0.310712214180842	25.5124557172269	0.354344415609404	0.254255574880452	-0.100088840728952
0.296952336857108	8.56127492212519	0.437614085423332	0.0935374485731596	-0.344076636850172
0.265858140513789	29.5042349904542	0.425297627698287	0.361058669254048	-0.0642389584442387
0.348662208482943	9.17252348477936	0.506650927926428	0.108608273573677	-0.398042654352751
0.276359652422383	17.5328954936768	0.378015886235393	0.159869206601769	-0.218146679633623
0.256203481473392	22.9669243974181	0.564433434941175	0.394690506857677	-0.169742928083498
0.304834429998044	21.6925916727995	0.470398492557068	0.195304190547144	-0.275094302009924
0.26864750365142	25.1431056571488	0.378150075380044	0.295706692453898	-0.0824433829261461
0.401660215394133	31.5812423290082	0.315757146010503	0.165876082034339	-0.149881063976163
0.336435095998499	31.0020846664538	0.352039005662622	0.35024788699897	-0.00179111866365195
0.198004148793525	13.9369229899668	0.305161416216871	0.155876564164729	-0.149284852052142
0.246096218876044	24.8797401178759	0.36709664882139	0.306630395474522	-0.060466253346868
0.312046000729546	3.80035623218879	0.402424135831636	0.0410285373326418	-0.361395598498994
0.266244673469028	11.1665981287381	0.465472039421332	0.177344101618751	-0.28812793780258
0.248818246151923	20.7872258608452	0.300701552449338	0.222888238137337	-0.0778133143120004
0.326008673835082	31.108471647798	0.363430580392191	0.287160705821063	-0.0762698745711275
0.210480612320872	15.5669019357182	0.455613870733381	0.283477846898582	-0.172136023834799
0.272152990838502	26.1958887493447	0.481668430288686	0.443094354182512	-0.0385740761061742
0.26745848850362	18.3995212921709	0.194001468927244	0.131271925977903	-0.0627295429493406
0.261975868598079	25.4896758894449	0.369142474037172	0.288643077459059	-0.0804993965781123
0.271172191239056	25.6400574820771	0.349561233781597	0.288101025689591	-0.0614602080920059
0.295039506004624	20.6836134701629	0.39423920330265	0.297109123407083	-0.0971300798955669
0.366891831405043	12.8844389903822	0.548588411447482	0.224644458714991	-0.323943952732491
0.281407421289374	24.3381307754704	0.470423357351139	0.338803850097051	-0.131619507254088
0.29376903470919	14.1824522009386	0.436159281506773	0.222263710843787	-0.213895570662986
0.281422229544885	20.2613435200188	0.325116472823426	0.186205165355675	-0.138911307467751
0.290284657333686	23.7721732837063	0.424178951120801	0.206695314231178	-0.217483636889623
