Univariate_LR_coefficients_null_raster	Univariate_LR_coefficients_lake_river_reservoir_C	Univariate_LR_R2_null_raster	Univariate_LR_R2_lake_river_reservoir_C	Univariate_LR_delta_R2_lake_river_reservoir_C
0.500384782454601	0.514129972829596	0.529724608852601	0.526131176682834	-0.00359343216976715
0.598734101977677	0.600389744968452	0.310465847319546	0.301737806631448	-0.00872804068809735
0.397733803848193	0.405122523868128	0.362807603232674	0.360167550581845	-0.00264005265082856
0.379702274638744	0.38503779240545	0.39258871916929	0.391534623261995	-0.00105409590729483
0.475676014185618	0.484295412177638	0.475778044516905	0.474603959012249	-0.00117408550465609
0.481567273429568	0.491147641579936	0.362777139823593	0.361247629964311	-0.0015295098592818
0.426731519872568	0.439267706242384	0.456431413562904	0.456669902236991	0.000238488674087212
0.402994589428909	0.411045616114587	0.375760211549618	0.375771844142332	1.16325927140837e-05
0.556105674539595	0.570255930526151	0.543590561639994	0.546657335160574	0.00306677352057971
0.485652799017552	0.493023458822385	0.532394677901439	0.532407941177932	1.32632764932028e-05
0.389239481185579	0.404964458826749	0.420633095893462	0.421572351355006	0.000939255461544497
0.406869850896763	0.419433427410255	0.523663905674913	0.527413944204441	0.00375003852952793
0.724099687231873	0.744286230097678	0.439337421967761	0.436278847163417	-0.00305857480434352
0.69184430446921	0.701191631015055	0.441242287796801	0.433736489741657	-0.00750579805514395
0.406754153301763	0.414383754445462	0.338779133681712	0.341344227172098	0.00256509349038631
0.622013404250828	0.635675769043218	0.386967759624676	0.388440569758756	0.0014728101340804
0.4644906836007	0.47800263035316	0.616330709938815	0.61973200032177	0.00340129038295578
0.474161031452312	0.484231382725984	0.365748978641581	0.367238772650133	0.00148979400855259
0.484134689476405	0.494313076814644	0.404365580607366	0.409281000663946	0.0049154200565803
0.406192443450864	0.417025260075483	0.410402333426672	0.415280681128245	0.00487834770157286
0.431673433897665	0.441442205566586	0.481153094265713	0.482828110263925	0.00167501599821268
0.435906408808703	0.446707504351621	0.578256834263428	0.574731788753873	-0.00352504550955501
0.482186160281811	0.498406496102001	0.463957806884237	0.466809071015036	0.0028512641307995
0.35047244626973	0.362206325220342	0.450195550687902	0.458651729297877	0.00845617860997522
0.456026497921207	0.466133985662096	0.411078775608758	0.409434981244421	-0.00164379436433715
0.498496156873473	0.508305992341054	0.368703749461164	0.370681138724215	0.00197738926305063
0.429520856533532	0.441607985581035	0.469670388365547	0.471427807277215	0.00175741891166808
0.549097979092012	0.569221021695636	0.458935834449754	0.465243986506739	0.00630815205698437
0.393824641263865	0.402643366655578	0.336190937411826	0.336393777012451	0.000202839600624449
0.363273053838869	0.368545074700925	0.432840580789488	0.435449698193949	0.00260911740446046
0.40823964259397	0.415315357403546	0.421260825303892	0.42501258495513	0.0037517596512372
0.362557138031507	0.372568017102732	0.39535641686789	0.400854460342487	0.00549804347459709
0.350429342803703	0.358019828664642	0.408250401668753	0.411407097715497	0.00315669604674385
0.38654895135973	0.39835961297917	0.468821021312595	0.475268770550286	0.0064477492376912
0.350262757682986	0.361128034421923	0.426564492835173	0.433103165304927	0.00653867246975404
0.384003525015585	0.393184556820602	0.460603493204345	0.466112738178165	0.00550924497381949
0.782976204893794	0.798892096725334	0.517983684916841	0.514934589079855	-0.00304909583698632
0.429921587824571	0.433938526475611	0.42763785839022	0.419523297615154	-0.00811456077506645
0.601550419709332	0.616593980887291	0.271673010477295	0.274692660190723	0.00301964971342822
0.437938487407643	0.448329326610567	0.350973545675491	0.354000891538945	0.00302734586345427
0.463057526076243	0.478307480443076	0.49810171486629	0.504094311242235	0.0059925963759449
0.570633711838618	0.586030969011499	0.367523319253551	0.373189345247608	0.0056660259940568
0.471344825821115	0.482505912754917	0.504167203690353	0.50154745519388	-0.00261974849647273
0.291484590419602	0.300845537783965	0.278041608887947	0.279078999774374	0.00103739088642657
0.349076385844539	0.358418401873327	0.328629981761808	0.331738184809946	0.0031082030481383
0.352169866054658	0.36439819834951	0.423838106044178	0.428057442690948	0.00421933664676905
0.637857495274072	0.643821028188192	0.306167313362339	0.299716480673921	-0.00645083268841873
0.518247310515415	0.533637638625865	0.408857281480034	0.410211369244436	0.00135408776440205
0.458480056801202	0.471734828984363	0.344433985112679	0.345214764830426	0.000780779717746982
0.595715418574304	0.606001552632857	0.466525849208692	0.471916357177867	0.00539050796917512
0.425908958064217	0.437495694716277	0.492623525085882	0.490657054779453	-0.00196647030642921
0.365895239883394	0.374489909580389	0.436113431006194	0.436130713664286	1.72826580918106e-05
0.523599875767326	0.534131668927882	0.371771529138599	0.366374522009239	-0.00539700712936025
0.592195918894034	0.602056703290209	0.48605633152856	0.492890521401136	0.00683418987257606
0.433339764031122	0.441953665898097	0.295232197681011	0.295106087631169	-0.000126110049842088
0.41790951774112	0.423192727153697	0.528077663948426	0.52228977840285	-0.00578788554557585
0.425658940868453	0.439553135950977	0.32385053316737	0.325987432314602	0.00213689914723231
0.5183700882234	0.521981339746534	0.443814065198077	0.435681382192177	-0.00813268300590053
0.614880193416137	0.626205766553883	0.431971863847771	0.429158157297745	-0.00281370655002561
0.624781515668878	0.644824790721426	0.328097817182146	0.334889794169195	0.00679197698704898
0.492453529719684	0.501898832029159	0.544958969249247	0.545649908523923	0.000690939274676228
0.638426167714997	0.65311415546015	0.464959786668546	0.47304374228305	0.00808395561450481
0.513830948050231	0.531002195960343	0.544148933071556	0.549362227050842	0.00521329397928605
0.421179212400409	0.441303228801021	0.234546411804383	0.242975301818314	0.00842889001393152
0.539746120624576	0.545788667686599	0.503260395367419	0.495896327211434	-0.00736406815598534
0.34639660261548	0.355475959367221	0.387718135533337	0.390685333888546	0.00296719835520909
0.359748207175915	0.37160133755653	0.422808190547482	0.428674709220209	0.00586651867272725
0.529668199950621	0.542217711014085	0.393083571618718	0.393549360323486	0.000465788704768266
0.503836443891332	0.517651213362271	0.349344634254206	0.355616874956222	0.00627224070201615
0.445307776366745	0.452612862594357	0.357470915775356	0.353659959593225	-0.00381095618213101
0.50884391058068	0.521573241192295	0.523446213188807	0.521446190841485	-0.00200002234732244
0.67850646384122	0.689103217625728	0.378321932931629	0.374271226449832	-0.00405070648179684
0.334359137556116	0.341793176909597	0.360191090554627	0.357477255627632	-0.00271383492699473
0.472803191465967	0.479709378844811	0.441837458465318	0.439739760537736	-0.0020976979275823
0.50236130566053	0.517932963462699	0.603832337228195	0.607704374709453	0.00387203748125842
0.460086833679272	0.467804399799106	0.551333522374054	0.551360462680414	2.69403063600793e-05
0.391380053180398	0.39787830838959	0.428815700396346	0.426350133659726	-0.00246556673661985
0.342679472505684	0.351342775143911	0.334598880793557	0.334912240943289	0.000313360149731268
0.5275852124373	0.536951492823469	0.417158343587525	0.409943192512611	-0.00721515107491361
0.455251986664696	0.469790159668474	0.285588959479963	0.29264081619851	0.00705185671854691
0.584060532421462	0.601929948447567	0.355745791257498	0.362969518409498	0.00722372715199998
0.389236929323781	0.394527777469438	0.420850774510451	0.412664549561206	-0.0081862249492452
0.420039594786873	0.431742991167342	0.47948357380304	0.483225941884157	0.00374236808111617
0.488550608495617	0.493245881188658	0.466594559314174	0.460208507156107	-0.00638605215806687
0.453982331995129	0.459142256718214	0.441314082723752	0.436620323886892	-0.00469375883685985
0.462943053530376	0.468272971530905	0.328487144577526	0.325646420857727	-0.00284072371979938
0.567516528937125	0.576921626895632	0.406199501875677	0.403383513495543	-0.00281598838013386
0.42945382695097	0.442386875687682	0.528035352090369	0.533441693518231	0.00540634142786134
0.714851037671424	0.726768663363909	0.453218623797789	0.453927439208437	0.000708815410648544
0.435837006556497	0.45130020479909	0.364510317224136	0.373942018526186	0.00943170130204962
0.582217382621851	0.597379176838568	0.495971217759493	0.505256316959583	0.00928509920008935
0.468916651913795	0.485657887014308	0.516147330898754	0.521910726290111	0.00576339539135684
0.52092728559492	0.532310132617653	0.410231074621023	0.407841903099266	-0.00238917152175777
0.583621869673265	0.593256206419476	0.406204166113235	0.399291109643862	-0.0069130564693729
0.426030950138804	0.435107366916152	0.361963134362904	0.361804184776856	-0.000158949586048174
0.54210649647442	0.555404932493962	0.526602714433551	0.533081390936962	0.00647867650341083
0.541082605889998	0.555768416347128	0.494019073613403	0.493075870811239	-0.000943202802163756
0.596424577729177	0.607901657134673	0.430618977366973	0.432254802743085	0.0016358253761119
0.369138984006783	0.3740999148685	0.462742872421341	0.459307554967914	-0.00343531745342679
0.361349041988196	0.368733170627362	0.433871380690419	0.432692396019374	-0.00117898467104527
