Univariate_LR_coefficients_null_raster	Univariate_LR_coefficients_her_veg_R	Univariate_LR_R2_null_raster	Univariate_LR_R2_her_veg_R	Univariate_LR_delta_R2_her_veg_R
0.500384782454601	0.228876499329024	0.529724608852601	0.31884854339149	-0.210876065461111
0.598734101977677	0.294081737157028	0.310465847319546	0.284506772791638	-0.0259590745279081
0.397733803848193	0.169755303441318	0.362807603232674	0.225836506117681	-0.136971097114993
0.379702274638744	0.153426252228112	0.39258871916929	0.224909841090523	-0.167678878078767
0.475676014185618	0.251406519139098	0.475778044516905	0.399708786308722	-0.0760692582081834
0.481567273429568	0.245436425678544	0.362777139823593	0.29011107472453	-0.0726660650990624
0.426731519872568	0.194683350754125	0.456431413562904	0.257580629442228	-0.198850784120676
0.402994589428909	0.20171312783113	0.375760211549618	0.248935213614611	-0.126824997935007
0.556105674539595	0.263025734311323	0.543590561639994	0.303884078075255	-0.239706483564739
0.485652799017552	0.256396981830446	0.532394677901439	0.315177631195528	-0.217217046705911
0.389239481185579	0.120650812837182	0.420633095893462	0.195919323134783	-0.224713772758679
0.406869850896763	0.203988616837823	0.523663905674913	0.308278485206716	-0.215385420468197
0.724099687231873	0.293931318530044	0.439337421967761	0.208565339591067	-0.230772082376693
0.69184430446921	0.269016914043502	0.441242287796801	0.224940877276008	-0.216301410520793
0.406754153301763	0.268322831467869	0.338779133681712	0.250800705940521	-0.0879784277411914
0.622013404250828	0.274423051567163	0.386967759624676	0.236705611442752	-0.150262148181923
0.4644906836007	0.205040264551489	0.616330709938815	0.32992739761816	-0.286403312320654
0.474161031452312	0.202332716229593	0.365748978641581	0.238416419523635	-0.127332559117946
0.484134689476405	0.224665587764385	0.404365580607366	0.2415237507476	-0.162841829859766
0.406192443450864	0.145292896421423	0.410402333426672	0.201019016160742	-0.20938331726593
0.431673433897665	0.123955791524087	0.481153094265713	0.166053183027191	-0.315099911238522
0.435906408808703	0.260413754167062	0.578256834263428	0.418182365525736	-0.160074468737691
0.482186160281811	0.191953716656384	0.463957806884237	0.212815896865844	-0.251141910018393
0.35047244626973	0.0988352376493263	0.450195550687902	0.198291731451926	-0.251903819235976
0.456026497921207	0.222835817605029	0.411078775608758	0.245303868717171	-0.165774906891586
0.498496156873473	0.322252312612046	0.368703749461164	0.293657696936282	-0.0750460525248818
0.429520856533532	0.192086701494314	0.469670388365547	0.26447961923154	-0.205190769134007
0.549097979092012	0.238215935624799	0.458935834449754	0.23128398249541	-0.227651851954344
0.393824641263865	0.173188622159682	0.336190937411826	0.173802790575027	-0.1623881468368
0.363273053838869	0.116488552682915	0.432840580789488	0.152082330380544	-0.280758250408944
0.40823964259397	0.222953937449453	0.421260825303892	0.268115524809278	-0.153145300494614
0.362557138031507	0.152889855192225	0.39535641686789	0.218303194523898	-0.177053222343992
0.350429342803703	0.11028121643871	0.408250401668753	0.155058223248627	-0.253192178420126
0.38654895135973	0.175924966711922	0.468821021312595	0.271564397325576	-0.197256623987019
0.350262757682986	0.142108044337064	0.426564492835173	0.222394051308758	-0.204170441526415
0.384003525015585	0.199670911350476	0.460603493204345	0.298846783829755	-0.16175670937459
0.782976204893794	0.388092949457497	0.517983684916841	0.320534411816298	-0.197449273100543
0.429921587824571	0.22931435478754	0.42763785839022	0.378681478890687	-0.0489563794995332
0.601550419709332	0.348879159574435	0.271673010477295	0.279349015980564	0.00767600550326925
0.437938487407643	0.345913807837545	0.350973545675491	0.339437266688726	-0.011536278986765
0.463057526076243	0.199947030833465	0.49810171486629	0.342878834686159	-0.15522288018013
0.570633711838618	0.304611688182685	0.367523319253551	0.285997112861554	-0.0815262063919972
0.471344825821115	0.307232451987337	0.504167203690353	0.42642192954564	-0.0777452741447125
0.291484590419602	0.119807630723457	0.278041608887947	0.144272251816251	-0.133769357071696
0.349076385844539	0.11713541912842	0.328629981761808	0.116675725210779	-0.211954256551028
0.352169866054658	0.132195566181375	0.423838106044178	0.237302460592822	-0.186535645451357
0.637857495274072	0.182987934879323	0.306167313362339	0.118553203587336	-0.187614109775003
0.518247310515415	0.229697101135373	0.408857281480034	0.2801924450183	-0.128664836461734
0.458480056801202	0.3126601808329	0.344433985112679	0.312521852919605	-0.0319121321930743
0.595715418574304	0.288878007962397	0.466525849208692	0.305471222660662	-0.16105462654803
0.425908958064217	0.202102507333261	0.492623525085882	0.276461770466607	-0.216161754619275
0.365895239883394	0.136569456813081	0.436113431006194	0.281390642970522	-0.154722788035673
0.523599875767326	0.329947949438273	0.371771529138599	0.418900218628636	0.0471286894900368
0.592195918894034	0.285247527149364	0.48605633152856	0.337298235683485	-0.148758095845075
0.433339764031122	0.175848486555354	0.295232197681011	0.183785048100462	-0.11144714958055
0.41790951774112	0.168780281356341	0.528077663948426	0.23345930081267	-0.294618363135756
0.425658940868453	0.13084718312076	0.32385053316737	0.105527491043599	-0.218323042123771
0.5183700882234	0.22228853403186	0.443814065198077	0.226526573990266	-0.217287491207811
0.614880193416137	0.346641009095081	0.431971863847771	0.378625965665156	-0.0533458981826144
0.624781515668878	0.293977111339941	0.328097817182146	0.210617370105353	-0.117480447076793
0.492453529719684	0.231400639326319	0.544958969249247	0.321784072191627	-0.223174897057619
0.638426167714997	0.234301179679643	0.464959786668546	0.2399430416693	-0.225016744999245
0.513830948050231	0.303403146474591	0.544148933071556	0.396258154306245	-0.147890778765311
0.421179212400409	0.172295775894056	0.234546411804383	0.127921690978926	-0.106624720825457
0.539746120624576	0.197851165507689	0.503260395367419	0.208412516445458	-0.294847878921962
0.34639660261548	0.173437737073981	0.387718135533337	0.2418953061716	-0.145822829361737
0.359748207175915	0.101512388902028	0.422808190547482	0.149759359922223	-0.273048830625259
0.529668199950621	0.198374022634838	0.393083571618718	0.212545225200771	-0.180538346417947
0.503836443891332	0.309419963710527	0.349344634254206	0.299132782517988	-0.0502118517362179
0.445307776366745	0.218887815994704	0.357470915775356	0.245003180298324	-0.112467735477033
0.50884391058068	0.277498611735976	0.523446213188807	0.350254511399995	-0.173191701788812
0.67850646384122	0.370464164035952	0.378321932931629	0.346103379418193	-0.0322185535134357
0.334359137556116	0.0829237940558121	0.360191090554627	0.125131300439679	-0.235059790114948
0.472803191465967	0.187731648359562	0.441837458465318	0.207982306661064	-0.233855151804254
0.50236130566053	0.286093657405541	0.603832337228195	0.403464936263596	-0.200367400964599
0.460086833679272	0.21897766353817	0.551333522374054	0.337348399879377	-0.213985122494678
0.391380053180398	0.15538413042176	0.428815700396346	0.191453538514292	-0.237362161882054
0.342679472505684	0.163399467107423	0.334598880793557	0.169323718222892	-0.165275162570665
0.5275852124373	0.268221956391373	0.417158343587525	0.28975530677677	-0.127403036810754
0.455251986664696	0.243007422879811	0.285588959479963	0.185418548351081	-0.100170411128883
0.584060532421462	0.291181247195811	0.355745791257498	0.21297638194066	-0.142769409316838
0.389236929323781	0.134852452273971	0.420850774510451	0.2108444117528	-0.210006362757652
0.420039594786873	0.145819253791012	0.47948357380304	0.187201386938769	-0.292282186864271
0.488550608495617	0.261499323127974	0.466594559314174	0.326556333021528	-0.140038226292646
0.453982331995129	0.263266587652432	0.441314082723752	0.301436134007935	-0.139877948715817
0.462943053530376	0.183496800389856	0.328487144577526	0.183300010136304	-0.145187134441222
0.567516528937125	0.240053946351545	0.406199501875677	0.24713998870509	-0.159059513170587
0.42945382695097	0.2661147834375	0.528035352090369	0.458881876564317	-0.0691534755260522
0.714851037671424	0.275825833388265	0.453218623797789	0.253837092340967	-0.199381531456821
0.435837006556497	0.132398413239286	0.364510317224136	0.134529426699919	-0.229980890524217
0.582217382621851	0.349415854043978	0.495971217759493	0.356889946392257	-0.139081271367236
0.468916651913795	0.237233863824718	0.516147330898754	0.336230598666074	-0.17991673223268
0.52092728559492	0.149195700273097	0.410231074621023	0.204308751618474	-0.20592232300255
0.583621869673265	0.373656453884034	0.406204166113235	0.358152677498698	-0.0480514886145376
0.426030950138804	0.171591326420327	0.361963134362904	0.176209217275824	-0.18575391708708
0.54210649647442	0.266045947558807	0.526602714433551	0.28401394811608	-0.242588766317471
0.541082605889998	0.243489689826557	0.494019073613403	0.303886071690647	-0.190133001922756
0.596424577729177	0.331723261301286	0.430618977366973	0.329292242894181	-0.101326734472792
0.369138984006783	0.166198306052299	0.462742872421341	0.262666745628956	-0.200076126792385
0.361349041988196	0.129680402018554	0.433871380690419	0.205884196964996	-0.227987183725423
