Univariate_LR_coefficients_null_raster	Univariate_LR_coefficients_mamms_R	Univariate_LR_R2_null_raster	Univariate_LR_R2_mamms_R	Univariate_LR_delta_R2_mamms_R
0.222819522244156	0.00568210845132248	0.225790609005007	0.283623905654199	0.0578332966491922
0.30323869358435	0.00749845239661657	0.251825580364646	0.341704147718226	0.0898785673535801
0.205667273279815	0.0055452899351668	0.348586858615999	0.507916974429189	0.159330115813189
0.198107318385253	0.00479853989583339	0.343317142018877	0.41135371060322	0.0680365685843426
0.266017256220056	0.00580253210509128	0.373164257482372	0.399163728448135	0.0259994709657632
0.223004802734047	0.00466260864276668	0.452085105192932	0.463995931988612	0.0119108267956802
0.325693178625149	0.00685446317257598	0.469895501528423	0.470842042752002	0.000946541223578568
0.312788566151232	0.00636448592150657	0.400137607691373	0.309902531562204	-0.0902350761291688
0.263360018296483	0.00620213882490752	0.388001255005143	0.469157979466224	0.0811567244610806
0.253337589858094	0.00559103878935958	0.305782178200249	0.305561045956087	-0.000221132244161204
0.276411448712494	0.00551349653016819	0.300161468778702	0.261905835538132	-0.0382556332405694
0.163793104152798	0.00382636555145045	0.340544575615153	0.413487445939417	0.0729428703242642
0.21068708672015	0.0047159894789224	0.382997249662793	0.438956347422193	0.0559590977594001
0.205096837255184	0.00497630766294131	0.161117493075028	0.191385214296998	0.0302677212219695
0.201199870827006	0.00460447956919916	0.394514784874963	0.449575027866361	0.0550602429913976
0.260538936296584	0.00664013056319702	0.353927097924863	0.464845202778319	0.110918104853456
0.190867574689895	0.0046565118474766	0.333128451153511	0.418514499046607	0.085386047893096
0.180410147012328	0.00424059659220469	0.219906921992264	0.241052731538285	0.0211458095460209
0.255426355962294	0.00558066617314766	0.298627472054518	0.36233868823697	0.0637112161824527
0.197287392065138	0.00445218102956518	0.225581198976633	0.21971720010475	-0.00586399887188385
0.201639024924044	0.00466869290564953	0.338053924833599	0.396985230547939	0.05893130571434
0.180680129653145	0.00402153569733156	0.222518713436317	0.231157257570813	0.0086385441344953
0.246080598351616	0.00496592175884179	0.472562044388236	0.460361500895618	-0.0122005434926184
0.200178833629194	0.0041557764308111	0.235506045078312	0.249807446379072	0.0143014013007594
0.269880938946026	0.00588850969343293	0.383265300094942	0.371354178376463	-0.0119111217184793
0.180139242829934	0.00504314850793436	0.171586484100425	0.246865382163676	0.0752788980632516
0.243953345727508	0.00562254124742956	0.291358036734729	0.357483523539388	0.0661254868046588
0.247983374684704	0.00636331363141602	0.271182892971096	0.353489717643449	0.0823068246723523
0.25902912312164	0.00645089126684221	0.385862743673191	0.513338357203523	0.127475613530332
0.258190676386045	0.00584099680632078	0.303776104195299	0.325291684866833	0.0215155806715343
0.209824007476643	0.004208611002275	0.279499323142856	0.274994630687778	-0.00450469245507834
0.211241343695487	0.00418106187853686	0.383919859059414	0.392862615357978	0.00894275629856406
0.244995465934506	0.00580260898375266	0.342221800463975	0.42893825879848	0.0867164583345047
0.212406899088952	0.00475015673095024	0.324653368016391	0.3595174527689	0.0348640847525093
0.296152762230786	0.00743001852561364	0.412730472893574	0.400111926694352	-0.0126185461992218
0.206031280547657	0.00491230589298803	0.286827253460397	0.330462228491788	0.0436349750313904
0.192919142990522	0.00396448894291081	0.340349651115775	0.345589653316853	0.00524000220107762
0.217268529894743	0.00490325651966106	0.368799706554374	0.417112949415361	0.0483132428609864
0.268961936374793	0.00584993526097204	0.364476340200711	0.405473817184851	0.0409974769841401
0.202543594000953	0.00548269039579414	0.236151733613559	0.291328953144798	0.0551772195312387
0.232028090770477	0.00536841958616562	0.24092683226158	0.266074442330565	0.0251476100689847
0.256829553013413	0.00578656617695887	0.279460861486918	0.311930725240291	0.0324698637533725
0.211465873314549	0.00542366390517725	0.307188606072213	0.408722426110884	0.101533820038671
0.193986060572579	0.00463241067636803	0.233934824560764	0.302164514122774	0.0682296895620105
0.217372388602555	0.00524334964849444	0.315237320301329	0.40302277021547	0.0877854499141409
0.179934712193924	0.00402045348631123	0.224288964474718	0.252530944631998	0.0282419801572804
0.166129126384747	0.00368833029570782	0.177367080306322	0.185459883373754	0.00809280306743249
0.183414410032738	0.00466434300370789	0.357109990525493	0.389362731898386	0.0322527413728927
0.214642925419474	0.00546681676421523	0.284415416435326	0.367989493711715	0.0835740772763889
0.235765476889799	0.00494629209031942	0.538974373576413	0.579299224043498	0.0403248504670852
0.209944538291596	0.00475715596722034	0.406956290819143	0.458152243415154	0.051195952596011
0.233337623005543	0.00552153956423155	0.333720817413073	0.395854379856574	0.0621335624435018
0.281084677191373	0.00633137757471119	0.46488923643515	0.579465554365805	0.114576317930655
0.37487579716325	0.00854112415050223	0.429879352186057	0.467450733842674	0.0375713816566168
0.263748099475411	0.00640306224731457	0.339247272064378	0.4182082050533	0.0789609329889213
0.220981228671124	0.00499179700227778	0.216842294720352	0.273332702207286	0.0564904074869332
0.22024732656777	0.00482134742013634	0.331950054504101	0.318187237066187	-0.0137628174379135
0.239251232648356	0.0060226998584078	0.373276718942098	0.456736209357682	0.083459490415584
0.229548574240751	0.00517287681961225	0.379035292163742	0.453077053207533	0.0740417610437907
0.268206167264813	0.00644232851021962	0.381251202024942	0.445535553929245	0.0642843519043028
0.2848875578817	0.00661576884171079	0.291753496388956	0.356642110473165	0.0648886140842087
0.167877490337337	0.00412822642456886	0.285655277571106	0.335174867219747	0.0495195896486411
0.320386189329167	0.00668003898548894	0.31513640709585	0.350549853488413	0.0354134463925628
0.187798072898109	0.00474799298838493	0.35037866682321	0.429136769706633	0.0787581028834233
0.240182755564461	0.00558494055644569	0.405881069958382	0.444007398260732	0.0381263283023497
0.237115674083162	0.00567147469467386	0.374696809338991	0.465961201981006	0.0912643926420155
0.146454929562371	0.00327071406033514	0.197883217055999	0.215174487035572	0.0172912699795726
0.204459721141792	0.00514273875340886	0.264640227175977	0.316892675181376	0.0522524480053991
0.176855149231057	0.00452243522442508	0.176388633541358	0.220990816933538	0.0446021833921793
0.177930168023543	0.00457604668752658	0.217822114114552	0.236488216934121	0.0186661028195683
0.184740446488914	0.00450687200644386	0.290424205338617	0.359425158711834	0.0690009533732174
0.218383892309887	0.00450198514808018	0.36905611801325	0.373815906736456	0.00475978872320648
0.331058115474386	0.00682719775083529	0.305403533804577	0.338054289465561	0.032650755660984
0.226509123719329	0.00577430155076431	0.296148230478894	0.401043445549198	0.104895215070304
0.256569911503551	0.00565965319670681	0.400870862865342	0.483151050404193	0.0822801875388509
0.215572864145086	0.00469299503691029	0.375663066856621	0.421344042969122	0.0456809761125002
0.265001766795531	0.00648765415892889	0.416688327579464	0.52929607363151	0.112607746052045
0.212695326546727	0.0050091636873816	0.30772664342743	0.381434329717917	0.0737076862904865
0.223156575126236	0.00452578022318514	0.510665076616354	0.505358338742502	-0.00530673787385183
0.217057209772791	0.00515898493324274	0.335122734599639	0.364114775935701	0.028992041336062
0.218660779852592	0.00527917825716989	0.322847896914338	0.381997230024796	0.0591493331104577
0.275818064093814	0.00679173376344097	0.240004119704913	0.289325275005127	0.0493211553002137
0.244070408196603	0.0060185918601105	0.279615339155121	0.362791975752234	0.0831766365971132
0.182109855758879	0.00372865340251978	0.307519095655317	0.338872668345021	0.0313535726897045
0.181152648543087	0.00393615974988024	0.286809759606973	0.285143400198612	-0.00166635940836102
0.246498786766735	0.00574909529568235	0.349650740465462	0.417922056328544	0.0682713158630827
0.219743240129023	0.00465493621011718	0.391451138493332	0.440768120631286	0.0493169821379543
0.189692625288812	0.00432414383303313	0.272504010882626	0.330263707275565	0.0577596963929397
0.260599408411358	0.00589751645872686	0.313878215861824	0.380137994994452	0.0662597791326287
0.16906711314208	0.003782905716009	0.403680516064048	0.427244457812629	0.023563941748581
0.196138361639848	0.00479017371010822	0.365216662922906	0.455186852614074	0.0899701896911678
0.199510880302591	0.00468444986078249	0.162701380267353	0.181595336555293	0.0188939562879399
0.17108605712449	0.00453963979629634	0.263788154726978	0.365369103654545	0.101580948927567
0.225725933895176	0.00498602754291483	0.315847562688074	0.344975205735125	0.0291276430470505
0.222295271800955	0.00534355250717194	0.331926744610458	0.414411750956936	0.0824850063464782
0.261051242924666	0.00606570753186246	0.41266284847157	0.489632745226715	0.0769698967551449
0.228167162972808	0.00525467291702371	0.405739620601347	0.478726172460063	0.0729865518587152
0.236507440578315	0.0058196657547421	0.381168339506244	0.513551671723139	0.132383332216895
0.21021384109126	0.00525685014838174	0.271693212493876	0.343853257793242	0.0721600452993658
0.237234984589285	0.00527618014760222	0.369376270419768	0.432202597769076	0.0628263273493082
