time	distance_tree45000	distance_tree90000	distance_tree135000	distance_tree180000	distance_tree225000	distance_tree270000	distance_tree315000	distance_tree360000	distance_tree405000	distance_tree450000	distance_tree495000	distance_tree540000	distance_tree585000	distance_tree630000	distance_tree675000	distance_tree720000	distance_tree765000	distance_tree810000	distance_tree855000	distance_tree900000	distance_tree945000	distance_tree990000	distance_tree1035000	distance_tree1080000	distance_tree1125000	distance_tree1170000	distance_tree1215000	distance_tree1260000	distance_tree1305000	distance_tree1350000	distance_tree1395000	distance_tree1440000	distance_tree1485000	distance_tree1530000	distance_tree1575000	distance_tree1620000	distance_tree1665000	distance_tree1710000	distance_tree1755000	distance_tree1800000	distance_tree1845000	distance_tree1890000	distance_tree1935000	distance_tree1980000	distance_tree2025000	distance_tree2070000	distance_tree2115000	distance_tree2160000	distance_tree2205000	distance_tree2250000	distance_tree2295000	distance_tree2340000	distance_tree2385000	distance_tree2430000	distance_tree2475000	distance_tree2520000	distance_tree2565000	distance_tree2610000	distance_tree2655000	distance_tree2700000	distance_tree2745000	distance_tree2790000	distance_tree2835000	distance_tree2880000	distance_tree2925000	distance_tree2970000	distance_tree3015000	distance_tree3060000	distance_tree3105000	distance_tree3150000	distance_tree3195000	distance_tree3240000	distance_tree3285000	distance_tree3330000	distance_tree3375000	distance_tree3420000	distance_tree3465000	distance_tree3510000	distance_tree3555000	distance_tree3600000	distance_tree3645000	distance_tree3690000	distance_tree3735000	distance_tree3780000	distance_tree3825000	distance_tree3870000	distance_tree3915000	distance_tree3960000	distance_tree4005000	distance_tree4050000	distance_tree4095000	distance_tree4140000	distance_tree4185000	distance_tree4230000	distance_tree4275000	distance_tree4320000	distance_tree4365000	distance_tree4410000	distance_tree4455000	distance_tree4500000
1940.74598219329	0	0	0	0	0	0	0	0	0	0	0	0	0	0	0	0	0	0	0	0	0	0	0	0	0	0	0	0	0	0	0	0	0	0	0	0	0	0	0	0	0	0	0	0	0	0	0	0	0	0	0	0	0	0	0	0	0	0	0	0	0	0	0	0	0	0	0	0	0	0	0	0	0	0	0	0	0	0	0	0	0	0	0	0	0	0	0	0	0	0	0	0	0	0	0	0	0	0	0	0
1941.57696072752	0	0	0	0	0	0	0	0	0	0	0	0	0	0	0	0	0	0	0	0	0	0	0	0	0	0	0	0	0	0	0	0	0	0	0	0	0	0	0	0	0	0	0	0	0	0	0	0	0	0	0	0	0	0	0	0	0	0	0	0	0	0	0	0	0	0	0	0	0	16.0311596406244	0	0	0	0	0	0	0	0	0	0	0	0	0	0	0	0	0	0	0	0	0	0	0	0	0	0	0	0	0	0
1942.40793926175	0	0	0	0	0	0	0	0	0	0	0	0	0	0	0	0	0	0	0	0	0	0	0	0	0	0	0	0	0	0	0	0	0	0	0	0	0	0	0	0	0	0	0	0	0	0	0	0	0	0	0	0	0	0	0	0	0	0	0	0	0	0	0	0	0	0	0	0	0	32.0760644785134	0	0	0	0	0	0	0	0	0	0	0	0	0	0	0	0	0	0	0	0	0	0	0	0	0	0	0	0	0	0
1943.23891779598	0	0	0	0	0	0	0	0	0	0	0	0	0	0	0	0	0	0	0	0	0	0	0	0	0	0	0	0	0	0	0	0	0	0	0	0	0	0	0	0	0	0	0	0	0	0	0	0	0	0	0	0	0	0	0	0	0	0	0	0	0	0	0	0	0	0	0	0	0	48.1346754553205	0	0	0	0	0	0	0	0	0	0	0	0	0	0	0	0	0	0	0	0	0	0	0	0	0	0	0	0	0	0
1944.06989633022	0	0	0	0	0	0	0	0	0	0	0	0	0	0	0	0	0	0	0	0	0	0	0	0	0	0	0	0	0	0	0	0	0	0	0	0	0	0	0	0	0	0	0	0	0	0	0	0	0	0	0	0	0	0	0	0	0	0	0	0	0	0	0	0	0	0	0	0	0	64.2069535756357	0	0	0	0	0	0	0	0	0	0	0	0	0	0	0	0	0	0	0	0	0	0	0	0	0	0	0	0	0	0
1944.90087486445	0	0	0	0	0	0	0	0	0	0	0	0	0	0	0	0	0	0	0	0	0	0	0	0	0	0	0	0	0	0	0	0	0	0	0	0	0	0	0	0	0	0	0	0	0	0	0	0	0	0	0	0	0	0	0	0	0	0	0	0	0	0	0	0	0	0	0	0	0	80.2928599088021	0	0	0	0	0	0	0	0	0	0	0	0	0	0	0	0	0	0	0	0	0	0	0	0	0	0	0	0	0	0
1945.73185339868	0	0	0	0	0	0	0	0	0	0	0	0	0	0	0	0	0	0	0	0	0	0	0	0	0	0	0	0	0	0	0	0	0	0	0	0	0	0	0	0	0	0	0	0	0	0	0	0	0	0	0	0	0	0	0	0	0	0	0	0	0	0	0	0	0	0	0	0	0	96.392355588563	0	0	0	0	0	0	0	0	0	0	0	0	0	0	0	0	0	0	0	0	0	0	0	0	0	0	0	0	0	0
1946.56283193291	0	0	0	0	0	0	0	0	0	0	0	0	0	0	0	0	0	0	0	0	0	0	0	0	0	0	0	0	0	0	0	0	0	0	0	0	0	0	0	0	0	0	0	0	0	0	0	0	0	0	0	0	0	0	0	0	0	0	0	0	0	0	0	0	0	0	0	0	0	112.505401813068	0	0	0	0	0	0	0	0	0	0	0	0	0	0	0	0	0	0	0	0	0	0	0	0	0	0	0	0	0	0
1947.39381046714	0	0	0	0	0	0	0	0	0	0	0	0	0	0	0	0	0	0	0	0	0	0	0	0	0	0	0	0	0	0	0	0	0	0	0	0	0	0	0	0	0	0	0	0	0	0	0	0	0	0	0	0	0	0	0	0	0	0	0	0	0	0	0	0	0	0	0	0	0	128.631959844568	0	0	0	0	0	0	0	0	0	0	0	0	0	0	0	0	0	0	0	0	0	0	0	0	0	0	0	0	0	0
1948.22478900137	0	0	0	0	0	0	0	0	0	0	0	0	0	0	0	0	0	0	0	0	0	0	0	0	0	0	0	0	0	0	0	0	0	0	0	0	0	0	0	0	0	0	0	0	0	0	0	0	0	0	0	0	0	0	0	0	0	0	0	0	0	0	0	0	0	0	0	0	0	144.771991009786	0	0	0	0	0	0	0	0	0	0	0	0	0	0	0	0	0	0	0	0	0	0	0	0	0	0	0	0	0	0
1949.05576753561	0	0	0	0	0	0	0	0	0	0	0	0	0	0	0	0	0	0	0	0	0	0	0	0	0	0	0	0	0	0	0	0	0	0	0	0	0	0	0	0	0	0	0	0	0	0	0	0	0	0	0	0	0	0	0	0	0	0	0	0	0	0	0	0	0	0	0	0	0	160.925456699541	0	0	0	0	0	0	0	0	0	0	0	0	0	0	0	0	0	0	0	0	0	0	0	0	0	0	0	0	0	0
1949.88674606984	0	0	0	0	0	0	0	0	0	0	0	0	0	0	0	0	0	0	0	0	0	0	0	0	0	0	0	0	0	0	0	0	0	0	0	0	0	0	0	0	0	0	0	0	0	0	0	0	0	0	0	0	0	0	0	0	0	0	0	0	0	0	0	0	0	0	0	0	0	177.092318368848	0	0	0	0	0	0	0	0	0	0	0	0	0	0	0	0	0	0	0	0	0	0	0	0	0	0	0	0	0	0
1950.71772460407	0	0	0	0	0	0	0	0	0	0	0	0	0	0	0	0	0	0	0	0	0	0	0	0	0	0	0	0	0	0	0	0	0	0	0	0	0	0	0	0	0	0	0	0	0	0	0	0	0	0	0	0	0	0	0	0	0	0	0	0	0	0	0	0	0	0	0	0	0	193.27253753683	0	0	0	0	0	0	0	0	0	0	0	0	0	3.29200175948429	0	0	0	0	0	0	0	0	0	0	0	0	0	0	0	0
1951.5487031383	0	0	0	0	0	0	0	0	0	0	0	0	0	0	0	0	0	0	0	0	0	0	0	0	0	0	0	0	0	0	0	0	0	0	0	0	0	0	0	0	0	0	0	0	0	0	0	0	0	0	0	0	0	0	0	0	0	0	0	0	0	0	0	0	0	0	0	0	0	209.466075786714	0	0	0	0	0	0	0	0	0	0	0	0	0	9.07634748399498	0	0	0	0	0	0	0	0	0	0	0	0	0	0	0	0
1952.37968167253	0	0	0	0	0	0	0	0	0	0	0	0	0	0	0	0	0	0	0	0	0	0	0	0	0	0	0	0	0	0	0	0	0	0	0	0	0	0	0	0	0	0	0	0	0	0	0	0	0	0	0	0	0	0	0	0	0	0	0	0	0	0	0	0	0	0	0	0	0	225.672894765712	0	0	0	0	0	0	0	0	0	0	0	0	0	14.8618556538423	0	0	0	0	0	0	0	0	0	0	0	0	0	0	0	0
1953.21066020676	0	0	0	0	0	0	0	0	0	0	0	0	0	0	0	0	0	0	0	0	0	0	0	0	0	0	0	0	0	0	0	0	0	0	0	0	0	0	0	0	0	0	0	0	0	0	0	0	0	0	0	0	0	0	0	0	0	0	0	0	0	0	0	0	0	0	0	0	0	241.892956185101	0	0	0	0	0	0	0	0	0	0	0	0	0	20.6485251391323	0	0	0	0	0	0	0	0	0	0	0	0	0	0	0	0
1954.04163874099	0	0	0	0	0	0	0	0	0	0	0	0	0	0	0	0	0	0	0	0	0	0	0	0	0	0	0	0	0	0	0	0	0	0	0	0	0	0	0	0	0	0	0	0	0	0	0	0	0	0	0	0	0	0	0	0	0	0	0	0	0	0	0	0	0	0	0	0	0	258.126221820014	0	0	0	0	0	0	0	0	0	0	0	0	0	26.4363548084501	0	0	0	0	0	0	0	0	0	0	0	0	0	0	0	0
1954.87261727523	0	0	0	0	0	0	0	0	0	0	0	0	0	0	0	0	0	0	0	0	0	0	0	0	0	0	0	0	0	0	0	0	0	0	0	0	0	0	0	0	0	0	0	0	0	0	0	0	0	0	0	0	0	0	0	0	0	0	0	0	0	0	0	0	0	0	0	0	0	274.372653509462	0	0	0	0	0	0	0	0	0	0	0	0	0	32.2253435306604	0	0	0	0	0	0	0	2.55077629659066	0	0	0	0	0	0	0	0
1955.70359580946	0	0	0	0	0	0	0	0	0	0	0	0	0	0	0	0	0	0	0	0	0	0	0	0	0	0	0	0	0	0	0	0	0	0	0	0	0	0	0	0	0	0	0	0	0	0	0	0	0	0	0	0	0	0	0	0	0	0	0	0	0	0	0	0	0	0	0	0	0	290.632213156367	0	0	0	0	0	0	0	0	0	0	0	0	0	38.0154901755369	0	0	0	0	0	0	0	12.9321550099652	0	0	0	0	0	0	0	0
1956.53457434369	0	0	0	0	0	0	0	0	0	0	0	0	0	0	0	0	0	0	0	0	0	0	0	0	0	0	0	0	0	0	0	0	0	0	0	0	0	0	0	0	0	0	0	0	0	0	0	0	0	0	0	0	0	0	0	0	0	0	0	0	0	0	0	0	0	0	0	0	0	306.904862727311	0	0	0	0	0	0	0	0	0	0	0	0	0	43.8067936137865	0	0	0	0	0	0	0	23.3128893831783	0	0	0	0	0	0	0	0
1957.36555287792	0	0	0	0	0	0	0	0	0	0	0	0	0	0	0	0	0	0	0	0	0	0	0	0	0	0	0	0	0	0	0	0	0	0	0	0	0	0	0	0	0	0	0	0	0	0	0	0	0	0	0	0	0	0	0	0	0	0	0	0	0	0	0	0	0	0	0	0	0	323.190564252654	0	0	0	0	0	0	0	0	0	0	0	0	0	49.5992527155974	0	0	0	0	0	0	0	33.6929783962133	0	0	0	0	0	0	0	0
1958.19653141215	0	0	0	0	0	0	0	0	0	0	0	0	0	0	0	0	0	0	0	0	0	0	0	0	0	0	0	0	0	0	0	0	0	0	0	0	0	0	0	0	0	0	0	0	0	0	0	0	0	0	0	0	0	0	0	0	0	0	0	0	0	0	0	0	0	0	0	0	0	339.489279826376	4.37956800494631	0	0	0	0	0	0	0	0	0	0	0	0	55.3928663522167	0	0	0	0	0	0	0	44.0724210263075	0	0	0	0	0	0	0	0
1959.02750994638	0	0	0	0	0	0	0	0	0	0	0	0	0	0	0	0	0	0	0	0	0	0	0	0	0	0	0	0	0	0	0	0	0	0	0	0	0	0	0	0	0	0	0	0	0	0	0	0	0	0	0	0	0	0	0	0	0	0	0	0	0	0	0	0	0	0	0	0	0	355.800971606072	21.0429221133419	0	0	0	0	0	0	0	0	0	0	0	0	61.1876333954485	0	0	0	0	0	0	0	54.4512162514496	0	0	0	0	0	0	0	0
1959.85848848061	0	0	0	0	0	0	0	0	0	0	0	0	0	0	0	0	0	0	0	0	0	0	0	0	0	0	0	0	0	0	0	0	0	0	0	0	0	0	0	0	0	0	0	0	0	0	0	0	0	0	0	0	0	0	0	0	0	0	0	0	0	0	0	0	0	0	0	0	0	372.125601812862	37.7227296164965	0	0	0	0	0	0	0	0	0	0	0	0	66.9835527168047	0	0	0	0	0	0	0	64.8293630493132	0	0	0	0	0	0	0	0
1960.68946701485	0	0	0	0	0	0	0	0	0	0	0	0	0	0	0	0	0	0	0	0	0	0	0	0	0	0	0	0	0	0	0	0	0	0	0	0	0	0	0	0	0	0	0	0	0	0	0	0	0	0	0	0	0	0	0	0	0	0	0	0	0	0	0	0	0	0	0	0	0	388.463132731281	54.4189424135925	0	0	0	0	0	0	0	0	0	0	0	0	72.7806231889834	0	0	0	0	0	0	0	75.206860397357	0	0	0	0	0	0	0	0
1961.52044554908	0	0	0	0	0	0	0	0	0	0	0	0	0	0	0	0	0	0	0	0	0	0	0	0	0	0	0	0	0	0	0	0	0	0	0	0	0	0	0	0	0	0	0	0	0	0	0	0	0	0	0	0	0	0	0	0	0	0	0	0	0	0	0	0	0	0	0	0	0	404.813526709372	71.131512487595	0	0	0	0	0	0	0	0	0	0	0	0	78.5788436848528	0	0	0	0	0	0	0	85.5837072726782	0	0	0	0	0	0	0	0
1962.35142408331	0	0	0	0	0	0	0	0	0	0	0	0	0	0	0	0	0	0	0	0	0	0	0	0	0	0	0	0	0	0	0	0	0	0	0	0	0	0	0	0	0	0	0	0	0	0	0	0	0	0	0	0	0	0	0	0	0	0	0	0	0	0	0	0	0	0	0	0	0	421.176746158403	87.8603919051562	0	0	0	0	0	0	0	0	0	0	0	0	84.3782130774945	0	0	0	0	0	0	0	95.959902652702	0	0	0	0	0	0	0	0
1963.18240261754	0	0	0	0	0	0	0	0	0	0	0	0	0	0	0	0	0	0	0	0	0	0	0	0	0	0	0	0	0	0	0	0	0	0	0	0	0	0	0	0	0	0	0	0	0	0	0	0	0	0	0	0	0	0	0	0	0	0	0	0	0	0	0	0	0	0	0	0	0	437.552753552959	104.605532816013	0	0	0	0	0	0	0	0	0	0	0	0	90.1787302404802	0	0	0	0	0	0	0	106.335445514307	0	0	0	0	0	0	0	0
1964.01338115177	0	0	0	0	0	0	0	0	0	0	6.52355742399229	0	0	0	0	0	0	0	0	0	0	0	0	0	0	0	0	0	0	0	0	0	0	0	0	0	0	0	0	0	0	0	0	0	0	0	0	0	0	0	0	0	0	0	0	0	0	0	0	0	0	0	0	0	0	0	0	0	0	453.941511430858	121.366887453146	0	0	0	0	0	0	0	0	0	0	0	0	95.9803940482815	0	0	0	0	0	0	0	116.710334834531	0	0	0	0	0	0	0	0
1964.844359686	0	0	0	0	0	0	0	0	0	0	27.1787232819715	0	0	0	0	0	0	0	0	0	0	0	0	0	0	0	0	0	0	0	0	0	0	0	0	0	0	0	0	0	0	0	0	0	0	0	0	0	0	0	0	0	0	0	0	0	0	0	0	0	0	0	0	0	0	0	0	0	0	481.092117973692	138.144408132812	0	0	0	0	0	4.09921622926639	0	0	0	0	0	0	101.783203375252	0	0	0	0	0	0	0	127.084569590063	0	0	0	0	0	0	0	0
1965.67533822024	0	0	0	0	0	0	0	0	0	0	47.8148137553447	0	0	0	0	0	0	0	0	0	0	0	0	0	0	0	0	0	0	0	0	0	0	0	0	0	0	0	0	0	0	0	0	0	0	0	0	0	0	0	0	0	0	0	0	0	0	0	0	0	0	0	0	0	0	0	0	0	0	508.854700023492	154.938047254614	0	0	0	0	0	16.638785875811	0	0	0	0	0	0	107.587157096324	0	0	0	0	0	0	0	137.458148757326	0	0	0	0	0	0	0	0
1966.50631675447	0	0	0	0	0	0	0	0	0	0	68.431755062439	0	0	0	0	0	0	0	0	0	0	0	0	0	0	0	0	0	0	0	0	0	0	0	0	0	0	0	0	0	0	0	0	0	0	0	0	0	0	0	0	0	0	0	0	0	0	0	0	0	0	0	0	0	0	0	0	0	0	536.573767509437	171.747757301351	0	0	0	0	0	29.1870898690312	0	0	0	0	0	0	113.39225408701	0	0	0	0	0	0	0	147.831071313028	0	0	0	0	0	0	0	0
1967.3372952887	0	0	0	0	0	0	0	0	0	0	89.0294732677581	0	0	0	0	0	0	0	0	0	0	0	0	0	0	0	0	0	0	0	0	0	0	0	0	0	0	0	0	0	0	0	0	0	0	0	0	0	0	0	0	0	0	0	0	0	0	0	0	0	0	0	0	0	0	0	0	0	0	564.249099808278	188.573490839202	0	0	0	0	0	41.7441076974021	0	0	0	0	0	0	119.198493223103	0	0	0	0	0	0	0	158.203336233233	0	0	0	0	0	0	0	0
1968.16827382293	0	0	0	0	0	0	0	0	0	0	109.607894281385	0	0	0	0	0	0	0	0	0	0	0	0	0	0	0	0	0	0	0	0	0	0	0	0	0	0	0	0	0	0	0	0	0	0	0	0	0	0	0	0	0	0	0	0	0	0	0	0	0	0	0	0	0	0	0	0	0	0	591.880475551264	205.415200517512	0	0	0	0	0	54.3098188745435	0	0	0	0	0	0	125.005873380853	0	0	0	0	0	0	0	168.574942494138	0	0	0	0	0	0	0	0
1968.99925235716	0	0	33.3676505232459	0	0	0	0	0	0	0	130.166943858895	0	0	0	0	0	0	0	0	0	0	0	0	0	0	0	0	0	0	0	0	0	0	0	0	0	0	0	0	0	0	0	0	0	0	0	0	0	0	0	0	0	0	0	0	0	0	0	0	0	0	0	0	0	0	0	0	0	0	619.46767262335	222.272839068845	0	0	0	0	0	66.8842029394257	0	0	0	0	0	0	130.814393437067	0	0	0	0	0	0	0	178.94588907169	0	0	0	0	0	0	0	0
1969.83023089139	0	0	95.8921223010574	0	0	0	0	0	0	0	150.706547600682	0	0	0	0	0	0	0	0	0	0	0	0	0	0	0	0	0	0	0	0	0	0	0	0	0	0	0	0	0	0	0	0	0	0	0	0	0	0	0	0	0	0	0	0	0	0	0	0	0	0	0	0	0	0	0	0	0	0	647.010468162126	239.146359309197	0	0	0	0	0	79.4672394573053	0	0	0	0	0	0	136.624052268713	0	0	0	0	0	0	0	189.316174941597	0	0	0	0	0	0	0	0
1970.66120942562	0	0	158.655172730907	0	0	0	0	0	0	0	171.226630951803	0	0	0	0	0	0	0	0	0	0	0	0	0	0	0	0	0	0	0	0	0	0	0	8.0469887327594	0	0	0	0	0	0	0	0	0	0	0	0	0	0	0	0	0	0	0	0	0	0	0	0	0	0	0	0	0	0	0	0	0	0	674.508638556926	256.035714137555	0	0	0	0	0	92.0589080188273	0	0	0	0	0	0	142.434848753417	0	0	0	0	0	0	0	199.685799079528	0	0	0	0	0	0	0	0
1971.49218795986	0	0	221.654140989533	0	0	0	0	0	0	0	191.727119201751	0	0	0	0	0	0	0	0	0	0	0	0	0	0	0	0	0	0	0	0	0	0	0	24.0613877931862	0	0	0	0	0	0	0	0	0	0	0	0	0	0	0	0	0	0	0	0	0	0	0	0	0	0	0	0	0	0	0	0	0	0	701.961959447746	272.940856536278	0	0	0	0	0	104.659188240432	0	0	0	0	0	0	148.246781769203	0	0	0	0	0	0	0	210.054760460932	0	0	0	0	0	0	0	0
1972.32316649409	0	0	284.886384953585	0	0	0	0	0	0	0	212.207937483856	0	0	0	0	0	0	0	0	0	0	0	0	0	0	0	0	0	0	0	0	0	0	0	40.0909629759167	0	0	0	0	3.27157178122172	0	0	0	0	0	0	0	0	0	0	0	0	0	0	0	0	0	0	0	0	0	0	0	0	0	0	0	0	0	729.370205724698	289.861739570838	0	0	0	0	0	117.268059764238	0	0	0	0	0	0	154.059850194376	0	0	0	0	0	0	0	220.423058061012	0	0	0	0	0	0	0	0
1973.15414502832	0	0	348.34928118062	0	0	0	0	0	0	0	232.669010775308	0	0	0	0	0	0	0	0	0	0	0	0	0	20.9751060397758	0	0	0	0	0	0	0	0	0	56.1356725437897	0	0	0	0	12.6133561105298	0	0	0	0	0	0	0	0	0	0	0	0	0	0	0	0	0	0	0	0	0	0	0	0	0	0	0	0	0	756.733151527076	306.798316389896	0	0	0	0	0	129.88550225807	0	0	0	0	0	0	159.874052907888	0	0	0	0	0	0	0	230.790690854795	0	0	0	0	0	0	0	0
1973.98512356255	15.1550416036498	0	412.040224883326	0	0	0	0	0	0	0	253.110263896566	0	0	0	0	0	0	0	0	0	0	0	0	0	90.0765557450422	0	0	0	0	0	0	0	0	0	72.195474824486	0	0	0	0	21.9561594907837	0	0	0	0	0	0	0	0	0	0	0	0	0	0	0	0	0	0	0	0	0	0	0	0	0	0	0	0	0	784.050570242599	323.750540225277	0	0	0	0	0	142.511495415289	0	0	0	4.17086657900327	0	0	165.68938878896	0	0	0	0	0	0	0	241.157657817278	0	0	0	0	0	0	0	0
1974.81610209678	32.3141026320964	0	475.956629896384	0	0	0	0	0	0	0	273.53162151127	0	0	0	0	0	0	0	0	0	0	0	0	0	159.222159079532	0	0	0	0	0	0	0	0	0	88.2703282096153	0	0	0	0	31.2999804746105	0	0	0	0	0	0	0	0	0	0	0	0	0	0	0	0	0	0	0	0	0	0	0	0	0	0	0	0	0	811.322234506859	340.718364391885	0	0	0	0	0	155.146018954966	0	0	0	30.09127290506	0	0	171.505856717246	0	0	0	0	0	0	0	251.523957923094	0	0	0	0	0	0	0	0
1975.64708063101	49.4846004348057	0	540.095928636835	0	0	0	0	0	0	0	293.933008125871	0	0	0	0	0	0	0	0	0	0	0	0	0	228.409755161541	0	0	0	0	0	0	0	0	0	104.360191155558	0	0	0	0	40.6448176136337	0	0	0	0	0	0	0	0	0	0	0	0	0	0	0	0	0	0	0	0	0	0	0	0	0	0	0	0	0	838.547916202521	357.701742287689	0	0	0	0	0	167.789052621882	0	0	0	55.9737740157616	0	0	177.323455572869	0	0	0	0	0	0	0	261.889590146793	0	0	0	0	0	0	0	0
1976.47805916524	66.6664933269512	0	604.455572058077	0	0	0	0	0	0	0	314.314348089328	0	0	0	0	0	0	0	0	0	0	0	15.0680495748998	0	309.81470032836	0	0	0	0	0	0	0	0	0	120.465022183142	0	0	0	0	49.990669460133	0	0	0	0.646102215713626	0	0	0	0	0	0	0	0	0	0	0	0	0	0	0	0	0	0	0	0	0	0	0	0	0	865.727386458851	374.700627393783	0	0	0	0	0	180.440576186145	0	0	0	81.8181907937658	0	0	183.142184236389	0	0	0	0	0	0	0	272.254553462671	0	0	0	0	0	0	0	0
1977.30903769948	83.8597396749844	0	669.033029597473	0	0	0	0	0	0	0	334.675565592876	5.75644372206462	0	0	0	0	0	0	0	0	0	0	42.1816137321419	0	401.445994533768	0	0	0	0	0	0	0	0	0	136.584779877909	0	0	0	0	59.3375345666634	0	0	0	21.3310192835081	0	0	0	0	0	0	0	0	0	0	0	0	0	0	9.00721222264669	0	0	0	0	0	0	0	0	0	0	892.860415651191	391.714973274229	0	0	0	0	0	193.100569443672	0	0	0	107.624343552855	0	0	188.96204158877	0	0	0	0	0	0	0	282.618846844886	0	0	0	0	0	0	0	0
1978.14001623371	101.064297897335	0	733.825789118072	0	0	0	0	0	0	0	355.016584669701	101.349686189717	0	0	0	0	0	0	0	0	0	0	69.338143173659	0	468.974766984173	0	0	0	3.7031300809909	0	0	0	0	0	152.719422889696	8.65944816467397	0	0	0	68.6854114855775	0	0	0	42.0018915350475	0	0	0	0	0	0	0	0	0	0	0	0	0	0	42.0664870518111	0	0	0	0	0	0	0	0	0	0	919.946773400448	408.744733576086	0	0	0	0	0	205.769012215761	0	0	0	133.392052034909	0	0	194.7830265114	0	0	0	0	0	0	0	292.98246926735	0	0	0	0	0	0	0	0
1978.97099476794	118.280126464422	0	760.518855010791	0	0	0	0	0	0	0	375.337329194769	197.449043418676	0	0	0	0	0	0	0	0	0	0	96.5374332521747	0	479.53920309039	18.3754803766985	0	0	29.8889060306483	0	0	4.05916891837514	2.54171652108251	0	168.868909933116	25.2215149005428	0	0	0	78.0342987699212	0	0	0	62.6586652414164	0	0	0	0	0	0	0	0	0	0	0	0	0	0	75.0731852234109	0	0	3.4219010511302	0	0	0	0	0	0	0	946.986228572687	425.789862029339	0	0	0	0	0	218.445884349336	0	0	0	159.121135409664	0	0	200.605137886108	0	0	0	0	0	0	0	303.34541970378	0	12.0076644504827	0	0	0	0	0	0
1979.80197330217	135.507183897441	0	786.797828475753	0	0	0	0	0	0	0	395.637722884476	294.045719453143	0	0	0	0	0	0	0	0	0	0	123.779279899712	0	490.098895041717	40.4723543481475	0	0	56.0725256810518	0	0	13.9055386687403	6.27954971329351	0	185.033199787453	41.7706992047112	0	0	0	87.3841949727622	0	0	0	83.3012865910578	0	0	0	0	0	0	0	0	0	0	0	0	0	0	108.026997104476	0	0	33.2990395664899	0	0	0	0	0	0	0	972.780371264725	442.850312446881	0	0	0	0	0	231.131165716738	0	0	0	184.811412273901	0	0	206.42837459511	0	0	0	0	0	0	0	313.707697127729	0	24.8902763733518	0	0	0	0	0	0
1980.6329518364	152.745428769155	0	813.038194477422	0	0	0	0	0	0	0	415.91768929643	323.79078259504	0	0	0	0	0	0	0	0	0	0	151.063479626813	0	500.653833033621	62.600240969052	0	0	82.2538747529725	0	7.44611359523784	23.7575521023357	10.0175927240072	0	201.212251296441	58.3069630671509	0	0	0	96.7350986477385	7.30921436058094	0	0	103.929701690714	0	0	0	0	0	0	0	0	0	0	0	0	0	0	140.927611806889	0	0	63.2343827117538	0	0	0	0	0	0	0	986.208220990734	459.926038724458	0	0	0	0	0	243.824836215806	0	0	0	210.46270065085	0	0	212.252735521095	0	0	0	0	0	0	0	324.069300512543	0	37.7647884011803	0	0	0	0	0	0
1981.46393037063	169.994819703226	0	839.239770141013	0	0	0	0	0	0	0	436.177151829188	328.08924580816	0	0	0	0	0	0	0	0	0	0	178.389829523446	0	511.204007252193	84.7590175568409	0	0	108.432838943606	0	18.0253237415604	33.6151992176022	13.7558454156975	0	217.406023368679	74.830268418043	0	0	0	106.087008348415	22.464985748948	16.6183263253305	0	124.543856565292	0	0	0	0	0	0	0	0	0	0	0	0	0	0	173.774717184184	0	0	93.227617280454	0	0	0	0	0	1.61209424530811	14.1188790809973	999.646796095541	477.016994840648	0	0	0	0	0	256.526875769842	0	0	0	236.074817989567	0	0	218.078219547146	0	0	0	0	0	0	0	334.430228831264	0	50.6311818386622	0	0	0	0	0	0
1982.29490890486	187.255315373906	0	865.402372000761	0	0	0	0	0	0	0	456.41603372206	332.387948107156	0	0	0	0	0	0	0	0	0	0	205.758127258183	0	521.749407874226	106.948561734968	0	13.4690536451081	134.609303922923	0	28.6095123518672	43.4784700235806	17.4943076590049	19.9428396463894	233.614474977432	91.340577128306	15.2028249667605	0	0	115.439922628881	37.610006022638	36.4061328459882	0	145.143697157513	0	0	0	0	0	0	0	0	0	0	0	0	0	0	206.567999828519	0	0	123.278431134192	0	0	0	0	5.34711140859998	9.26037057325323	29.486092881803	1013.0960707009	494.123134856764	0	0	0	0	0	269.237264327588	0	0	0	261.647581164271	0	35.8190333407236	223.904825556758	0	0	0	0	0	0	0	344.79048105684	0	63.4894379627639	0	0	5.82797906063354	0	0	18.9864313671868
1983.1258874391	204.526874506023	0	891.525815999384	0	0	0	0	0	0	0	476.634258054847	336.686889024737	0	0	0	0	0	8.2106616414301	0	0	0	0	233.16817107854	0	532.290025067472	129.168751432031	0	34.1346315799487	160.783155330542	0	39.1986704920906	53.3473545411057	21.2329793205812	40.5530533347221	249.837565160602	107.837851009437	30.6499312509873	0	0	124.793840043353	52.7442450025227	56.2183986047874	0	165.729169327737	0	0	0	0	0	0	0	0	0	0	0	0	0	0	239.307145067529	0	0	153.38651320242	0	0	0	0	27.7515897163737	16.9121420355538	44.8416965685663	1026.55601896876	511.244412916845	0	0	0	0	0	281.95598186318	0	0	0	287.180806473918	0	80.5568708534547	229.732552433869	0	0	0	0	0	0	0	371.169123114356	0	76.3395380222183	0	0	26.0538966716707	0	0	39.185128048684
1983.95686597333	221.809455874671	0	917.609917487531	0	0	0	0	0	0	0	496.831747747612	340.986068096111	0	0	0	0	0	18.9247209671278	0	0	0	0	260.619759810462	0	542.825848990686	151.419464882157	0	54.7828459818703	186.954278772424	0	49.7927892344338	63.2218428018208	24.9718602669169	61.1388640611331	266.075253020889	124.322051813272	46.0844294159995	0	0	134.148759146302	67.8676724617593	76.055036302837	0	186.300218853468	0	0	0	0	0	0	0	0	0	0	0	0	0	0	271.991836961657	0	0	183.551553482179	0	0	0	0	50.1831985231396	24.5674038021782	60.1856573689507	1040.02661510028	528.380783247602	0	0	0	0	0	294.683008376073	0	0	0	312.674309641611	0	125.365239976506	235.561399062855	0	0	0	0	0	0	0	397.738190904509	0	89.181463236962	0	0	39.8709327900127	0	0	59.3988787122869
1984.78784450756	239.103018304923	0	943.654491222985	0	0	0	0	0	0	0	517.008425560488	345.285484857401	0	0	0	0	0	29.6381363380184	0	0	0	0	288.112692858269	0	553.356869792798	173.700580624807	0	75.413628916021	213.122559817723	0	60.3918596585462	73.1019248488653	28.7109503664371	81.70018084031	282.327497725751	140.79314123193	61.5062842764856	0	0	143.50467849256	82.9802581257367	95.915958842572	0	206.856791429316	0	0	2.72857204889893	0	0	26.4653091263837	0	0	0	0	0	0	0	2.04229289507691	304.62175830103	6.57093790725201	0	213.773243038084	0	0	0	0	72.6418343211018	32.2261510461016	75.5179424572689	1053.50783333648	545.53220015831	0	0	0	0	0	307.418323891095	0	0	0	338.127905814041	0	170.243606832307	241.391364328458	0	0	0	0	0	0	0	424.310020533272	0	102.01519479854	0	0	53.6922532759448	0	11.8130129212389	79.6276328398655
1985.61882304179	256.407520671696	0	969.659351370185	0	0	0	5.38684092276593	0	0	0	537.164214093431	349.585138844224	0	0	0	0	0	40.3509066146408	0	0	0	0	315.646770204246	0	563.883077613904	196.011977504625	0	96.026912310592	239.287883995018	0	70.9958728526023	82.9875907363713	32.4502494859721	102.236912455047	298.594258507395	157.251080898145	76.9154605846959	0	0	152.861596637051	98.0819716728498	115.801079329019	0	227.398832666476	0	15.4817166431057	21.9163955531793	0	0	58.5102505148355	0	0	0	0	0	24.5682034118098	0	11.2865008552468	337.196590603049	17.8092323066408	0	244.05127400198	0	0	0	0	95.1273938161022	39.8883789450847	90.83851895437	1066.99964795836	562.69861804085	0	0	0	0	0	320.161908458484	0	0	0	363.541409561177	0	215.191439158969	247.222447115931	0	0	0	0	0	0	0	450.884601869671	0	114.840713869971	0	0	67.5178396782785	0	26.2869349308034	99.8713399835673
1986.44980157602	273.722921899545	0	995.624311499375	0	0	0	30.3665556359452	52.97273561279	0	0	557.299035786024	353.885029592464	0	0	0	0	0	51.0630306586541	0	1.51902434077825	0	0	343.221792408421	0	574.404462584674	218.353534671681	0	116.622627956099	265.450136789256	0	81.6048199118801	92.8788305298722	36.1897574929107	122.748967456326	314.875494662801	173.695832384632	92.3119230302443	0	19.8460826484226	162.219512135091	113.172782733695	135.71031106887	0	247.926288092612	0	42.1015954146664	41.1000276068654	0	0	90.6178106638087	0	0	0	0	0	63.641915622974	0	20.5312076906265	369.716014109544	29.0456412461136	0	274.385339572427	0	0	0	0	117.639773926328	47.5540826812408	106.147353927705	1080.50203328631	579.879991369522	0	0	0	0	0	332.913742153655	0	0	0	388.914634875677	0	260.208206300765	253.054646310882	0	0	0	0	0	0	0	477.461924783534	11.2496470533148	127.658001585711	0	0	81.3476735575489	0	40.760760646853	120.129949764387
1987.28078011025	291.049180962268	0	1021.54918458643	0	0	0	55.3429435924601	121.615913265399	0	0	577.412812917312	358.185156637303	0	4.85926173848769	0	0	0	61.7745073311559	0	8.23606444254438	0	0	370.837560608109	0.623568234280876	584.921014826487	240.725131581136	0	137.20070750518	291.609203638444	0	92.2186919395454	102.775634305998	39.9294742550123	143.236254163261	331.171165553707	190.127357204591	107.695636239755	0	43.5000305195545	171.578423542128	128.252660891678	155.643567570676	0	268.439103151366	0	68.743565404152	60.2794281266447	0	0	122.787630386963	0	0	0	30.0405193230495	0	102.809654819242	0	29.7764126590077	402.179707784355	40.2801561624847	0	304.775134014449	0	0	4.82295815500598	0	140.178871783188	55.2232574403748	121.444414391042	1094.01496368036	597.076274701097	0	0	0	0	8.9620958216788	345.673805077358	0	0	0	414.247395172644	0	305.29337919897	291.943830272767	0	0	6.811898359946	0	0	0	0	504.041979145801	23.4148126363489	140.467039051474	0	0	95.1817364837786	0	55.2344898221681	140.403411872684
1988.11175864449	308.386256882856	0	1047.43378301199	0	0	0	80.3159022328125	190.54183992109	0	0	597.505467605583	362.485519514584	0	17.1285349263087	0	0.678901108179387	0	72.4853354932174	0	14.9547307134589	24.2737806861083	0	398.49387651755	15.8544791505561	595.432724451423	263.126647993253	0	157.761082472216	317.764969930295	33.6724803529622	102.8374800466	112.677992152696	43.6693996394879	163.698680662664	347.481230606713	206.545616811238	123.066564776933	0	67.1707318890023	180.938329413989	143.321575682425	175.600762544766	0	288.93722320228	0	95.4075226785439	79.4545570062707	11.0226278041323	20.0506759982232	155.019351803947	0	0	50.5495954925085	60.5140922368139	0	142.070769262517	0	39.0221150183711	434.587349310805	51.5127684911299	0	335.220352658923	0	0	35.1951851759896	0	162.744584731444	62.8958984135157	136.729667304438	1107.53841354033	614.28742267471	0	0	0	0	23.5563044022251	358.442077355588	0	0	0	439.539503289203	0	350.446430382117	342.105595407671	0	0	15.3698583660527	0	0	0	0	530.624754828249	35.5823147137122	153.267807344546	6.82282301081358	0	109.020010037842	0	69.7081222081762	160.691676067853
1988.94273717872	325.734108733129	0	1073.27791856111	0	0	0	105.285328969529	235.420443897947	0	0	617.576921808199	366.786117760328	0	29.3887848549206	0	22.259706511365	0	83.195514005607	0	21.6750212125487	73.8417385021689	0	426.190542427381	31.0816704125771	605.93958156232	285.557963973313	0	178.303684232528	343.917320998748	82.5499576338631	113.461175351461	122.585894169169	47.4095335138496	184.13615480917	363.805649313114	222.950572598062	138.424673142371	1.63324501636017	90.8581188178507	190.299228306593	158.379496593987	195.581809902984	0	309.420593520352	0	122.093363484222	98.6253741165769	45.1511538778768	67.0673062034121	187.312618339291	0	11.907983395968	120.536382466534	90.9476357921756	0	181.424609999422	0	48.2683140252938	466.93861508947	62.7434696630106	0	365.720691901713	0	9.93379823303447	65.521658426121	0	185.336810329114	70.5720007953251	152.003079574295	1121.07235730554	631.513390011764	0	0	0	0	38.1389569616239	371.218539139555	0	0	0	464.790771484231	0	395.666833955656	392.312701705046	0	0	23.9299766136445	0	3.37284860819768	0	0	557.210241702952	47.7521423723945	166.060287513359	14.0722571194004	0	125.221515984367	2.12169570750672	84.1816575572298	180.994692178108
1989.77371571295	343.092695633535	0	1099.0814024229	0	0	0	130.251121183224	254.945372732203	18.8097945644802	0	637.62709732136	371.086950910323	0	41.6399914703821	0	43.8610594133895	0	93.9050417290225	0	28.3969340076806	123.298481327417	0	453.927361204209	46.3051202529647	616.441576252593	308.018959891426	0	198.828444022528	370.066142120893	131.296145480301	124.089768980374	132.499330465703	51.1498757455047	204.548584224848	380.144381229081	239.3421858986	153.769925773777	11.3249125516014	114.562123463001	199.661118776175	173.426393066708	215.586623758814	21.9341343179274	329.889159295914	0	148.800984246109	117.791839304418	79.2148270152138	113.974726913842	219.667074721643	0	23.9958954343702	190.711011663047	121.340913769894	0	220.87053086096	0	57.5150089373156	499.233180235887	73.9722511060788	0	396.275849203215	0	25.3094760561555	95.8021292128695	0	207.955446347457	78.2515597853935	167.264618053351	1139.4353073925	648.754131515923	0	0	0	0	52.7100225287126	384.003170605616	0	0	0	487.875937356923	0	440.954065591407	442.564362533451	0	0	32.4922486516658	0	10.7685827729786	0	0	583.798429642459	59.9242847055959	178.763967993065	21.3193818773894	0	141.44458170368	28.632969031402	98.6550956210797	201.312410100503
1990.60469424718	360.461976752981	0	1124.8440451899	0	0	0	155.213176220147	274.490383018608	40.9630460381235	20.4554756442533	657.65591578002	375.388018500645	0	53.8821346877555	19.0334461866345	65.4828791638413	0	104.613917524123	0	35.1204671666742	172.643004747534	0	481.70413629	61.5248068969421	626.938698606372	330.509516422462	3.75832764554819	219.335292939114	396.211318513409	179.909864232207	134.723252067296	142.418291163736	54.8904262020089	224.935876299029	396.49738597556	255.720417986411	169.102287045671	21.0118053341854	138.282678077104	209.023999379266	188.462234493092	235.615118427168	47.0847597035899	350.342865634245	0	175.530281566422	136.95391239255	113.213246793423	160.77202072756	252.082366983084	0	36.0769141936002	261.071226016348	151.693689294452	0	260.407888461674	0	66.7621990119091	531.470718578399	85.1991042450588	0	426.885523087307	0	40.6833992339764	126.036347937502	0	230.60039077119	85.9345705874124	182.514249540444	1168.70052052004	666.009602073011	0	0	5.62907565704123	0	67.2694700790975	396.795951955353	7.63611009001966	0	0	509.235113254276	0	486.307602516702	492.859792689031	0	0	41.056670032226	0	18.1649293862236	0	0	610.389308519477	72.0987308099071	190.864457620177	28.5641941692602	0	157.680862845898	55.1215168164042	113.128436151826	221.644779800767
1991.43567278141	377.84191130845	0	1150.56565685793	0	0	0	180.171391389469	294.055402864738	63.1362591618222	48.2353766277744	677.663298657706	379.689320067113	16.6717605427349	66.1151943929965	45.906806689702	87.1250852927495	0	115.322140251178	0	41.8456187593479	221.874299586516	0	509.520671701537	76.7407085571077	637.430938698349	353.029514545853	22.9882255992203	239.824161939076	422.352735329365	228.38992719407	145.361615753925	152.342766396192	58.6311847507609	245.297938188222	412.86462323828	272.085230075179	184.421721269434	30.6939149386841	166.758263495697	218.387868672515	203.48699021796	255.667208424227	72.200638210548	370.781657555334	0	202.281152223961	156.111553178829	147.146011081799	207.458264762248	284.558142457866	0	48.1510244589906	331.614780270078	185.286888131943	0	300.036042199069	0	76.0098835064302	563.650902656236	96.4240205008823	0	457.549413140561	0	56.0555475472259	156.22406409249	0	253.271541798246	93.6210284094197	197.751940780591	1198.01417784978	683.279756650904	0	0	12.0631394375916	0	81.8172685321401	409.596863415443	98.2739329633664	0	22.8256006937199	530.566958026849	7.48946842094058	531.726923502808	537.225847478938	0	0	49.6232363081518	0	25.5618858155826	0	0	636.982868206604	84.2754697870947	202.962544136623	35.806690876832	10.2972563344993	173.930318996354	81.5872273238762	127.601678901218	241.991751313151
1992.26665131564	395.232458564891	0	1176.24604682562	0	0	0	205.125663960698	313.640360529651	85.3293508424086	75.9775944030539	766.52737424872	383.990855145963	37.0995106605727	78.3391504427713	72.8198796187985	108.787597493882	0	126.029708770381	0	48.572386855535	270.991351888098	0	537.37677202977	91.9528034339206	689.304872697663	375.578835545502	42.2405715554888	260.294981839065	448.490277654842	276.735140615287	156.004851189393	162.272746306955	62.3721512596749	265.634676815932	429.246052767792	306.390443769549	199.728192693316	40.3712329297997	197.407992571354	227.752725212826	218.500629538191	275.742808467305	97.281611773873	391.205479993675	0	229.053493172976	175.264721435466	181.012716038488	254.032530637486	317.094049781394	0	60.2182109998074	402.339440887432	223.036624490948	0	339.754354252022	0	85.2580616785704	595.773403717461	107.646991291121	0	488.267220011102	0	71.4259007710284	186.365026260166	0	275.968797839979	101.310928463925	212.977658464788	1227.37602358106	700.564550299509	0	0	18.4989161506833	3.8511625276734	96.353386752697	422.40588523766	188.523941882552	0	59.7633106985751	551.8713652911	35.4604212216639	577.211508853417	568.456225439522	0	0	58.1919430358569	26.0890564512916	32.9594494303644	7.70466287971455	0	663.579098576148	96.4544907430966	215.058217565071	43.046868879291	39.1828559382696	190.192909804592	108.029988603171	142.074823621391	262.353274740079
1993.09762984987	412.633577834887	0	1201.88502389408	0	15.3713207554634	0	230.07589116071	333.245184424813	107.542238169038	103.681931137509	815.598273532147	388.292623273193	57.5304440310359	90.5539826639649	99.7724713125741	130.470335623347	56.4063248743037	136.736621941747	0	55.3007695268295	285.826284984422	0	565.272242439155	107.161069715166	782.212511604249	398.157361009443	61.5152873526754	280.747683314908	474.623830505687	324.944303671932	166.652949530732	172.208221051144	66.1133255957127	285.945998872662	445.641634379378	346.191870144988	215.021665502318	50.043750862995	228.01675437442	237.118567557379	233.503121702675	295.841833474858	122.327521828756	411.614277797895	0	255.8472015422	194.413376908754	214.812956107478	300.493884456422	349.689738888975	0	72.2784585660329	473.242985954579	260.701484002035	0	379.562189578974	3.58416640530769	94.5067327858193	627.837891717287	118.868008029656	0	519.038645407609	0	86.7944386739501	216.45898211065	1.75615827992076	298.692057520948	109.004265967643	228.191369230191	1256.785802769	717.863938150692	0	0	24.936403825831	19.4570623829761	110.87779355056	435.222997698893	278.379797051135	0	96.765420537215	573.148228404033	63.4373662362696	617.90810620958	599.636393010554	0	0	66.7627857730706	70.2976676366004	40.3576175989771	45.0586041183897	0	690.177989499954	108.635782788372	227.1514679252	50.2847250544421	68.1165620968775	206.468594983627	134.449688488053	156.547870064148	282.729300252359
1993.92860838411	430.045228478476	0	1227.48239626674	0	76.7117124579923	0	255.021970171396	352.869803112621	129.774838413105	131.348188352321	852.060850291838	392.594623984964	77.964550865099	102.759670854807	126.764388706233	152.173219700352	163.678033762273	147.442878625037	0	62.030764845298	299.948060096456	54.279149539208	593.206888666962	122.36548557588	826.371234919084	420.764972829928	80.8122950104449	301.182196901495	500.753278824024	373.016208449823	177.305901942481	182.149180795117	69.8547076267321	306.23181081556	462.051327953172	386.018825459392	230.302103818128	59.7114602841534	258.584309925463	246.485394263592	248.494435912436	315.964198566233	147.338209309669	432.007995730615	0	376.898155657489	213.557479318179	248.546324016325	346.841386789054	382.344861014312	0	84.3317518895418	544.04188361663	298.280885862568	0	419.458915915714	23.5297621823377	103.755896085861	659.844035316306	130.087062126633	0	549.863392098133	0	102.161141017972	246.505678400287	11.306683390473	321.441219679008	116.701036141902	243.393039659837	1286.24326132379	735.177875418156	0	0	31.3756004904188	35.0714588142662	125.390457680473	448.048181101014	367.835093186356	0	133.831479734792	654.423093049357	91.4202762344087	656.966786155488	630.766065641591	9.19595888407585	0	75.335760080495	114.424996674333	47.7563876900579	82.332131357119	10.479823244573	724.993103717587	120.819335037676	239.242285229855	57.5202562769637	97.0981218544796	222.757334310563	140.230128186086	171.02081798144	303.119778088748
1994.75958691834	447.467369902853	0	1253.03797154907	11.2893136426098	137.926761489599	0	279.963798126794	372.514145306955	152.027069027117	158.976166920525	888.59391737177	396.896856817624	98.4018213761508	114.956194783546	153.795439331069	173.896169906019	211.746681577984	158.148477679879	38.6935269563837	68.7623708841268	314.060693603166	129.013179241117	621.180517022491	137.56602917805	870.41287569316	443.401553202912	100.131516727236	321.598452992275	526.878507475084	412.586453254721	187.963699597053	192.095615716344	73.5962972202549	326.492018868317	478.47509343404	425.871149316277	245.569471699203	69.3743527307792	289.110419545125	287.411372221126	263.474541320287	336.109819061528	172.313514649969	460.934939035833	0	508.552622526495	232.696988356095	282.212410773386	393.074092655827	415.059068688085	0	96.3780756831045	562.196610355401	335.774246674645	0	459.443903772663	43.453129371812	113.005550836453	691.791501878986	141.304144988771	54.3944511034577	580.741163908783	0	117.525987558428	276.504860969786	20.8528381209499	344.216183365261	123.792898039091	258.582636282727	1315.74814600992	752.506317397389	0	0	37.8165041744041	50.694329237913	139.891347841667	496.371853467252	456.883359075136	0	170.961039418043	723.883889441514	119.409123996339	695.984182434068	661.844957837003	35.5718091238291	0	83.9108615207592	158.47036801829	56.5960542116213	119.524698510666	28.362888511337	765.64693082406	133.005136609833	251.330659486963	64.7534594197778	126.127283089454	239.059087626167	145.346322282587	185.493667125079	323.524658555927
1995.59056545257	464.899961562136	0	1278.55155674837	23.7026363725349	199.015071693673	0	304.901272110573	392.178139872818	174.298847644497	186.565667065628	925.197015016096	401.199321307391	118.842245780069	127.143534189339	180.865431313455	195.639106583387	250.391282649514	168.853417965725	84.0186854604708	75.4955857174397	328.164160562572	203.515617859812	649.192934386356	152.762678670724	914.33649626242	466.066984628073	119.472874881512	341.99638183892	552.999401243823	427.374436370981	198.626333674297	202.0475160036	77.3380942438776	378.213957792024	494.912890831615	465.748681501791	260.82373314056	79.032419730619	319.594842851701	343.250363247585	278.443407031167	356.278610481501	197.253277780981	559.860790694269	0	563.135412272815	251.831863686925	315.810805665709	439.191051512186	460.224829571648	0	108.417414641617	580.349509798081	373.180980442981	0	499.516526431807	63.354187186171	122.25569629546	723.679957472128	152.519248018924	115.91856219829	611.671665722435	0	132.888958043592	306.456274742789	30.3946149867083	367.016847843907	129.131505707278	273.760125573815	1345.30020444471	769.8492194656	0	0	44.2591129082559	66.3256510944326	154.380432678508	575.518519355601	545.51805717128	0	208.153652308371	793.049893185355	168.476795280193	734.96000008102	692.872783154791	61.9508600165467	0	92.4880856589646	202.433103311027	70.1983661858046	156.635757082295	46.2449867528499	806.366530174137	145.193176628225	263.416580698972	71.9843313535832	155.203794512438	255.373814834846	150.461218820622	199.966417246932	350.598792842894
1996.4215439868	482.342962957096	0	1304.02295827363	36.1251206589619	247.255341252877	10.1423672907095	329.834289153109	411.861715826177	196.590092079018	214.116488359698	961.869685249659	405.502016990444	139.28581429532	139.321668781827	207.974173373835	217.401950236968	288.95668766697	179.557698341768	129.445440181566	82.2304074203128	342.258436001132	277.783114852125	677.243948209568	167.95541218921	958.14115393137	488.761149908427	148.176363878089	362.37591355092	579.11584483152	442.168441267853	209.293795361802	212.00487185665	81.0800985651789	472.429087086729	511.364680220259	505.651261980826	276.064852073823	88.6856528031346	350.037338758565	398.906505734257	338.236332802744	376.470488547327	222.157338131292	658.369428132184	0	591.476115202416	270.962064946703	349.341096256777	485.191307233929	512.420595352949	63.5788996949088	120.449753441185	598.50057611996	410.500498572174	0	539.676159943157	83.2328546399996	131.506331720667	755.509066863584	163.732362616271	177.235270586815	642.654603477275	29.7509158214231	148.250032214727	336.359663724056	39.9320064949109	389.843112592254	134.471527264376	288.92547395371	1374.89918509695	787.206537081573	0	0	50.7034247238853	81.9654018475955	168.857680779918	633.490123719275	606.691152424786	0	245.408872714933	861.917432681399	226.157336782152	773.893943433591	723.84925420519	88.3330987333125	0	101.067428062311	246.31252136856	83.8082599250097	193.664756162007	64.1261150755144	847.151443310627	157.383444220001	275.500038862785	79.2128689468083	184.327405665202	271.701475904475	155.574816576628	214.43906809884	383.047076885304
1997.25252252103	499.796333634985	0	1329.45198193554	48.5567459181627	251.695922125984	46.1158517722329	368.947582363006	431.564802333516	218.90072032392	241.628429721773	998.61147187476	409.804943403405	159.732517142387	151.490578241302	235.121474825685	239.184621532294	327.44234106064	190.261317667109	174.972923760379	88.9668340687785	369.278960065833	351.812294937686	705.333366512774	183.144207855666	1001.82590096734	511.483932150203	185.364788447573	382.736978095292	605.227722852579	456.968445631032	219.966075854862	221.967673486597	84.8223100517566	566.119165442928	527.830421739121	518.079880792875	291.29279236719	98.3340434581926	380.437665471444	454.377954961372	404.188612335749	396.685369180493	247.025534626547	756.453335464017	0	619.859494145687	290.08755174245	382.802868384608	531.073898103418	564.460347090785	132.800755851998	132.475076739206	639.188633275716	447.732209865292	76.4082433471511	579.922183120978	103.089050547682	140.757456369984	787.278493521002	174.943480176087	238.342231794969	673.689684165354	60.3928409137735	163.609189805726	366.214770998163	49.4650051436937	412.694877300555	139.812961357096	304.07864778897	1404.544837286	804.578225785658	0	0	57.149437653757	97.6135589851833	183.323060679522	680.51487812287	618.263640887997	0	282.726256527747	930.482808068706	283.807603807985	812.785716124126	754.774082649215	114.718512448162	0	109.648884300463	290.107938166114	97.4257174871503	230.611142423196	82.0062705860454	888.001213208761	169.575928516667	308.86810649574	86.439069065425	213.497866919797	288.042030866437	160.687114327963	228.911619432599	415.538614197935
1998.08350105526	517.260033189162	0	1354.83843294621	60.9974915969074	256.137396147173	82.0184549003644	421.613306321916	451.28732871167	241.230650551302	269.101289416105	1035.42192046816	414.108100082566	180.182344543728	163.650242218491	262.307145574614	260.987041295599	365.847684520299	200.964274800511	220.600272692468	95.7048637398257	420.296692287028	425.599757852261	733.460997885325	198.329043778354	1045.3897845957	534.235214762506	222.577042711058	403.787133565589	631.334919831088	471.774427166223	230.643166356334	231.935911115648	88.5647285712569	648.004655056933	544.310075592	526.716131111365	306.507517825415	107.977583196724	447.766263139641	509.662854498745	469.932836685457	416.923168502588	271.857705688366	854.104929598494	0	648.285328903487	309.208283651522	416.195706159809	576.837856796681	616.342608741724	201.780923128116	144.493369174578	731.039045119859	484.875520522297	164.811662521536	620.253977539451	122.922693523117	150.009069501412	826.966770067539	186.152592090034	299.237085969009	704.776615830966	91.0882552793314	178.966410542908	396.021338728007	58.9936034241607	435.572041871968	145.155806630477	319.219613391814	1434.23691117994	833.783396521957	21.7907653687878	0	63.5971497319576	113.270100018881	197.776540855582	727.421519092253	675.915804832771	0	322.642407004068	998.742291238973	341.427306582614	851.635021072651	785.646979197439	141.107088337176	0	118.23244994513	333.818666823864	111.050720950125	271.281404273298	99.8854503903033	928.915384270995	181.770618653661	373.877404952889	93.6629285735661	242.714929476843	304.395439815482	165.798110850363	243.384070999905	448.073156032734
1998.91447958949	534.734021258957	0	1406.49142352353	73.4473371727692	260.579762607987	117.849709574173	474.388367764587	495.190742466106	263.579801111752	296.534865050648	1072.30057837727	418.411486564523	200.635286724094	175.800640334866	289.530996117214	282.809130513331	404.172156987603	211.666568600643	266.326627311835	102.444494511485	471.448343011972	499.142078113459	761.626651484316	213.509898051719	1088.83184699528	557.01488145706	259.812978359742	434.133264233291	657.437320197535	539.091551563658	243.937200606045	241.909574977098	92.3073539912975	717.836047326492	622.895438107938	535.356765989839	321.708992189701	117.616263510688	526.732243202031	564.759336193951	535.466442010506	437.183802835245	296.653689234254	951.316559681368	0	676.753399983051	402.232568584491	449.51919196416	622.482210371373	663.177064908949	270.516269756171	156.504615367773	822.471042234228	521.929834139124	252.775843370147	660.670927528126	142.733701979816	218.099678677664	890.75434977577	197.359689745588	371.267570644994	735.915107568991	121.836861288346	194.321674144828	425.779108153372	68.5177938179039	458.474506422448	150.500061729946	453.971006550025	1463.97515779443	876.916717968463	57.2120518355563	19.763828696509	70.0465589931878	128.935002484141	212.218089731095	774.20904719584	768.508151328074	0	362.733617415786	1066.69212586687	399.016154954136	890.441560480587	816.467653608528	167.4988135783	0	126.818120570411	377.444017593308	124.683252411178	336.200983382447	117.763651593877	969.893502321704	193.96750377032	438.663042708101	100.884444332844	271.97834536466	320.761662909549	174.637820905951	257.856422552545	480.650454319177
1999.74545812373	552.218257529283	0	1460.23962863738	85.9062621542941	265.023020799255	153.609146719451	527.271775709233	559.708684001983	285.948090533435	323.928953575637	1109.24699471648	422.715102385769	221.091333910069	187.94175218238	316.792837540045	304.650810331864	442.415194649996	294.872485653674	312.151131772927	109.185724462672	522.732691750153	572.435804797705	809.146039154986	228.686748756019	1132.15112529563	589.324041803401	297.072447269287	464.477450000908	724.611798125853	675.771770820388	295.937975254984	281.659054631041	96.050186179456	787.936939211836	768.178093459265	549.690803710083	336.897179137706	127.250075882848	605.320185676545	619.665520164523	584.113885819156	457.467188699787	323.071781174573	1048.08050661039	7.44774739186751	705.263488597409	483.452496878005	482.772906448938	680.357555033884	708.890261526482	339.003639303103	199.092664975919	913.477547539055	562.523956569947	340.293743886431	701.172420166882	162.521994130738	334.486147343262	954.766949097097	225.8758280675	445.243512630265	767.104869523254	152.638362365489	209.674960322203	455.487819589765	78.0375687987933	544.096974835581	155.845725301532	513.402402491264	1493.75932899104	919.946995699422	92.7078427269148	91.6100273516962	76.4976634739143	144.608243939792	226.64767567337	820.876458031742	860.692773489052	0	402.913126072753	1134.9798582196	462.103513402252	996.835390667277	847.235814688462	193.89367535111	0	135.405891752532	420.98329784429	138.323293987176	401.350482094591	135.640871302034	1010.93511460115	206.166573009909	502.246288080766	108.10361320277	301.287867437767	337.140660369742	189.079393714526	272.32867384228	513.270261662694
2000.57643665796	603.583162616546	0	1514.03971823987	98.3742460812908	269.46717001229	189.296295284671	580.262543183051	624.462727480565	308.335437521672	351.283351281867	1146.26072036325	427.018947082973	241.550476329994	200.073557323654	344.092481518539	326.512002056892	480.576230934185	425.709484546907	358.07293403237	115.928551673163	574.148524461074	645.525908176331	924.01785396127	243.859573957345	1175.34665157465	645.075801393003	334.355301495786	494.819681256225	793.465958723825	749.077487426592	347.772062260514	336.052171900418	132.226268523844	858.303977936535	833.772345252766	609.995391629621	352.07204228353	136.87901178695	683.52467069331	674.379514793782	615.889143478964	477.773242817131	372.925281223672	1142.38229051313	48.698726829828	733.815376663602	564.417363466257	515.956428533709	745.021440104165	754.634567171393	407.23985053797	245.732386673114	1004.05141524913	608.586882997042	427.358243889042	741.757845280581	182.287487987822	441.350676798911	1019.00197764109	318.530085158627	519.523151483803	798.345612884661	183.910885837672	225.026248777497	485.147212426973	87.5529208319669	653.121289048721	177.383595716519	568.030244427865	1523.5891774758	962.873414958265	128.277664409561	163.756821731507	82.9504612108573	160.289801968778	241.065266994438	882.967856210164	952.462357701702	0	443.180289684756	1218.48994573065	543.97730786448	1042.12063683062	877.951170289222	220.291660836478	0	151.017800012106	464.435812052556	151.970827814906	466.727233881542	153.517106619267	1052.03976975969	218.36781551957	548.412108775029	115.320432040585	330.643249375453	353.532392480065	203.51861307907	321.884418763943	545.932331342345
2001.40741519219	713.858827518946	0	1567.89123775824	156.367170651587	273.91220953746	224.910682237676	633.359687201347	689.450127280165	371.398882323041	438.340794870483	1183.34130795388	451.445336767926	262.012704213962	212.196035291699	371.42974031567	348.392627153207	518.65469650012	557.542581316015	404.091185829759	122.672974223979	625.69463353557	721.31736911429	1123.78096716212	273.819048208068	1218.41745285733	700.866268104994	429.136934233557	525.159948385628	862.561132390398	822.571478157573	399.437887872347	390.339126552984	185.030723982732	928.933836126831	899.403074442154	670.497829108805	367.233545177597	146.503062687657	761.340226697022	728.89941673086	647.650244122059	498.101882107564	423.153249708916	1234.15571192239	90.0454004542697	762.40884680128	645.123428665937	549.069335405223	809.603884012605	800.409747906309	475.221697310668	292.471209485861	1094.00249267123	654.523746894247	510.41624097972	782.426595433367	218.23653863792	547.605236457685	1083.45686464121	450.510051553919	594.102473015508	829.637049889343	224.731435373502	240.375519204927	514.757025128088	97.063842374318	769.594917435753	229.915845630469	622.726066033957	1553.46445679751	1005.69515678197	163.921045170307	236.200372715211	105.164012092814	175.979654177337	255.470831950725	953.341106964667	1043.80953013136	0	483.534467989912	1284.25172937162	626.144057079312	1087.28566308167	925.468843395009	246.692757216394	0	200.745358018702	519.362816054407	165.625836050655	532.328590949731	171.39235464956	1093.20701785141	230.571220450166	594.658159391053	122.534897701365	360.044245680383	372.275939078594	217.955473036919	399.842446268896	578.63641730832
2002.23839372642	824.848178214099	0	1621.79373341998	228.502636346523	278.358138666342	260.451832562356	686.562228745924	754.668158618089	434.387059913887	548.152306094698	1220.48831187906	530.756158453649	282.478007793671	224.309165590213	398.804426781079	370.292607244189	564.280592299435	633.642189155241	450.205042667732	129.418990196708	677.369817776426	797.021913232865	1194.35881237725	389.34957816687	1261.36255111557	756.695098257952	528.734146257421	555.498241773632	931.894361554212	896.251407220096	450.933868698525	444.518903019249	237.680470812482	999.823211738542	965.069905592289	731.195960452909	396.339360991029	156.122220040428	838.761330374855	783.223310894804	679.397114682133	518.45302369058	475.560277368333	1325.35126343509	131.487073115565	791.043682331661	725.566927880413	647.604115611224	874.103974158971	846.21557008714	542.945948440469	339.308302022928	1179.83976185808	700.333463442767	592.371790457447	823.178065922706	272.746876772682	646.715939634794	1148.12905888162	599.090746546382	668.977495856342	881.580197650661	297.529998749816	255.722751290043	544.316995228323	106.570325874144	885.803411622222	282.581597597999	677.489245437646	1583.38492134606	1048.41139799167	199.637515214853	308.9368715479	154.189388607283	191.677778195386	269.864338743099	1023.73795737252	1134.72685619781	95.0829078461012	523.975023747974	1319.79095022461	708.599619894679	1132.32947967127	986.044669014285	273.096951673775	11.3557483275488	250.526225739067	583.948003377816	224.128634844462	598.151924184648	218.34430173452	1134.43641032761	242.776776956369	640.983782527663	139.77820209709	389.490611677094	462.271207931082	232.389967622914	477.442648171448	611.382274179477
2003.06937226065	936.537107693461	15.7377038056444	1675.74675222932	300.361972183818	282.804956690323	295.919269255312	739.869192741801	820.114117483262	497.157514867292	657.330308686336	1257.70128827942	592.586157645673	358.402963778961	266.973762717765	428.149077629903	392.211864111269	627.997241638426	694.353472551003	496.413663791552	180.096602250757	729.1728823767	865.31452112212	1264.7368109975	504.276524422458	1304.18096326897	812.561948530592	627.818896298403	585.834551802395	1001.46270961912	970.114950324251	502.258411697153	511.59904402773	290.174013384354	1070.96882797262	1030.77246360383	792.087644755718	497.223235724943	201.040858158938	915.78240661479	846.717419135271	711.129682024586	538.826584884622	527.948789261414	1415.95931782431	203.75469117805	819.719667275729	805.744071380801	769.512629084455	938.520795372715	892.051800353579	615.907449117343	386.242836589584	1265.22330420473	746.01494278503	673.947278889985	864.011654772925	327.407063128097	730.422167542213	1213.01602861713	649.18522590304	744.144271349488	945.224575883411	423.978042473599	271.067924709818	573.826859333976	116.072363771565	964.148926703231	335.379584851522	732.319162247157	1613.35032635081	1091.0213111842	235.426606665463	393.552500446294	206.183315870093	207.384151676246	284.245755516831	1094.15814972504	1225.20684011424	193.152107781003	564.501322732294	1355.25619425289	791.33988375072	1177.25109142017	1046.46757756074	299.504231392051	33.4241398126621	300.359949696743	648.691018273126	297.584709767698	664.194623087689	288.717088098555	1175.72750003002	262.703145245392	708.090151228036	188.316811155951	427.720164249971	552.624439300142	246.822090869357	554.679941482496	644.169657240938
2003.90035079488	1048.91168862182	59.4787749818683	1729.74984194315	371.941579160589	287.25266290154	387.435139945292	793.27960803288	885.785320562434	559.707718582603	765.861933197356	1322.04116933475	663.538221892224	452.858999835661	337.752259901503	476.597250973559	465.165438036731	691.481145120872	755.24538181717	562.790096572334	241.462300848333	781.102638896921	909.350365117432	1334.91252241765	592.883900399591	1346.87170118669	868.466475938726	726.381842298957	618.175429738723	1071.26326087771	1044.15979457092	546.32293575809	651.365804214642	342.509846828476	1142.36743317963	1096.51037366315	853.170755847253	598.612315211545	305.592938133588	992.397828497043	941.89370444424	742.847872945323	569.521720337643	580.318624355812	1487.36251624796	324.788915242541	848.436586352975	897.673640724957	892.274137778438	1002.85342984507	937.918205618634	718.469270826462	433.273989172671	1350.14609110295	791.567090020427	755.13704695554	907.690201372645	382.215610220195	813.702397374557	1278.11526148796	687.762228086908	819.598883426004	1009.07019170083	550.788190282803	306.905644920159	603.286353121555	146.806967864144	1022.91919096218	388.30854742625	787.215197522027	1643.36042787868	1133.52406472357	271.287853558715	491.819760861658	258.214567767165	267.827166116867	427.215816369674	1164.60142638689	1315.2419244929	291.056303931652	605.112733722212	1390.64702010297	874.360764507903	1222.04949771129	1106.73599546175	360.752387563265	55.5076418239334	350.246077383277	713.590060023631	371.255187222962	730.454095706466	359.157834367211	1217.07984118358	294.721153206258	773.132356416724	236.794203757041	523.029968070336	643.330019929936	313.290502353953	631.549195686378	676.998322441248
2004.73132932912	1161.95817249463	103.275426625618	1783.80255104681	443.237830856798	324.696283612274	519.21668910323	858.911893573612	951.679105159815	622.035123078517	843.332236977641	1374.64616236694	734.740418048632	547.724232593841	408.667666763965	524.965181683888	550.481980060176	754.729560652177	816.315920779531	646.26994221886	302.702280945429	833.157905240732	953.308722346595	1407.12512687552	675.613769140926	1389.43377169035	924.408337811689	824.413543317803	730.599336687167	1141.29312041579	1118.38363833177	596.797517692857	790.072187376938	394.686457010984	1214.01580075356	1162.28326120168	914.443182237756	700.497480932059	410.720110592855	1068.6019173189	1037.66665787941	774.551614168946	645.710891688548	632.669621475596	1516.93564256575	446.084382026255	877.19422497964	1004.44625612893	1015.86989166566	1067.1009570625	983.814553058752	821.338254112888	482.479519427626	1434.60102486104	836.988805202431	835.935383220913	951.670957510538	437.171039348753	896.550162055772	1343.4242644288	726.331203831784	895.337448465328	1073.11473171082	638.515874352263	366.202593265336	632.695211336801	212.584069474306	1081.47209865836	441.367232132686	842.176733743853	1673.41498283237	1175.91882273374	392.143645300032	590.481250237684	310.262638389903	365.201819350654	469.607374162617	1235.0675297599	1398.64921904624	438.470958058056	645.808628494467	1425.9629850459	957.658206253542	1266.72369248231	1166.84834176328	429.277526278487	77.606194880516	400.1841572383	778.643336933994	445.137267809587	796.927768558137	429.665743591743	1258.49298938915	328.240562561322	866.649542187681	291.827347696844	618.84608386434	734.382381124261	421.605471763825	744.307625137943	709.868026389921
2005.56230786335	1275.66298861538	199.557980519331	1837.90442872937	514.247073369376	382.277546036388	651.744563647518	945.012922558877	1017.79282911064	684.137160924361	916.834297898717	1412.93762525973	806.189549555475	642.991721437011	487.204332866465	573.252167800019	635.617231322711	817.73972473293	877.563106069962	730.031639781021	375.805325225258	885.337505629112	997.189005594703	1489.98747744921	757.93172453987	1431.8661765581	980.387191768852	921.904459089061	842.417128403095	1211.54941400805	1192.78419112165	647.288537729842	927.691983510658	447.217746552364	1285.91072901579	1228.09075185508	975.902827057002	802.869708209019	516.411494124289	1144.38894265518	1134.02583176742	806.24083234746	722.110077489934	685.001619289989	1546.49858208911	567.635922621172	905.992369267321	1110.57999361826	1140.28141685986	1124.71473621885	1029.7406101034	924.508963798487	534.770822452184	1518.5809387148	882.278983337316	916.336524034376	995.599682234392	492.271880560029	978.958929836147	1408.94056357277	764.892105219342	971.356115141284	1137.35589839056	725.964027785221	425.339219802454	674.804937028722	278.143455227857	1139.80514144942	509.685857475888	897.20315478622	1703.51374894852	1218.20474509183	534.538188477452	689.530086198972	362.282574582679	462.942632844196	511.053105856683	1305.55620224692	1460.25166494164	602.089138991639	703.893981417223	1461.20364498159	1041.22818108737	1311.27266421931	1226.80302811075	497.815756559992	99.7197395884879	450.173738630469	843.849066253277	519.228169034777	863.613086546222	500.240020193134	1299.96650161602	477.220129664423	959.796183100345	380.634390546332	715.159767828931	825.775998428497	529.57243413077	861.316644246335	742.77852635455
2006.39328639758	1390.01274290417	305.593158056433	1892.05502485843	584.965625261237	439.694169417808	785.001246043047	1031.56517401198	1084.12387068856	746.011245177622	990.192154065877	1451.32014088777	877.882444833405	738.654589008406	572.429559129122	621.457504857865	720.568309686949	880.508852395398	938.984967061299	814.070926605508	513.519822958976	937.640270573104	1040.99062564853	1573.1883719135	846.915463342304	1474.16791252967	1036.40269569553	1018.84494968471	953.615493853646	1282.02928800505	1267.35917346326	697.795857906172	1034.93178856102	510.875977821337	1358.0490410887	1293.93247142168	1037.54760798981	905.720065506282	622.656334963229	1219.75312245515	1230.96088783898	837.915454058777	798.716463675674	727.511905080822	1576.05110947346	689.438387166751	934.830806021177	1216.06284964266	1265.49051364977	1199.72736891974	1075.69614442452	1027.97599688069	586.90444465987	1602.07859689465	927.436514384171	965.187496809207	1039.47596750196	547.51667260782	1060.92210421906	1474.66170415024	803.444884305928	1047.6510642539	1201.79141000883	813.128258956534	484.313780147181	741.771486520871	343.48248195124	1196.62699636264	631.719113851559	952.29384588412	1733.65648479568	1247.61260048781	677.916484649409	788.959443370991	414.274139194063	561.043208817297	552.496971545751	1376.06718621514	1522.01677469568	766.746595620945	765.403763571127	1487.1327108705	1125.0666888869	1355.69539595142	1286.59845873404	566.366927738466	210.124143667805	500.214371837642	909.205474094335	593.525125162296	930.507512871205	570.879869876384	1341.49993619383	624.932766371991	1052.56618862643	468.97288748316	811.962378496663	917.50539127467	637.184861705476	974.565893782532	775.729580258046
2007.22426493181	1390.01274290417	311.707360944456	1979.93334698339	702.230056451847	496.944421646887	785.001246043047	1118.56146166919	1084.12387068856	807.654769328151	1049.64687638727	1489.79309909987	877.882444833405	738.654589008406	657.23949294796	704.182536437677	792.516039245041	943.034137147689	938.984967061299	814.070926605508	650.040780068202	937.640270573104	1084.71299128975	1613.54321099367	955.608055666954	1516.33797131284	1036.40269569553	1132.5824237962	1038.50128997328	1282.02928800505	1292.9793166043	697.795857906172	1144.75507945426	574.35717464393	1358.0490410887	1305.12447335097	1037.54760798981	905.720065506282	622.656334963229	1294.68862317812	1328.46159706122	890.302757887468	798.716463675674	766.653069542673	1605.59299929015	689.438387166751	934.830806021177	1296.71539316468	1265.49051364977	1288.86215939843	1075.69614442452	1027.97599688069	694.626133860473	1681.19318865552	972.460283256566	1007.19223898836	1083.29940421853	548.004681659879	1142.43302393268	1494.77264126617	841.989493121338	1047.6510642539	1201.79141000883	900.004146641711	543.124519841489	741.771486520871	408.598487576444	1253.31091990332	752.932349508974	952.29384588412	1733.65648479568	1258.25170163685	677.916484649409	788.959443370991	466.237094778508	561.043208817297	593.938959025422	1376.06718621514	1583.94235043315	766.746595620945	826.754395475377	1512.72441464126	1125.0666888869	1399.99086524666	1346.23303043653	566.366927738466	234.459154473359	500.214371837642	909.205474094335	593.525125162296	930.507512871205	570.879869876384	1341.49993619383	703.411242595564	1144.95342102072	556.835265619962	811.962378496663	917.50539127467	744.436182643862	1082.24230342533	775.729580258046
2008.05524346604	1390.01274290417	382.396101302624	2083.22461974612	821.584734223677	554.026560428507	785.001246043047	1205.99466689238	1142.88886092091	869.065107248664	1106.17845870346	1528.35589216747	877.882444833405	738.654589008406	741.627332324668	790.910782475613	860.121927570552	1034.05596824627	938.984967061299	846.583035056881	785.338335477411	937.640270573104	1128.35550928931	1682.67040354834	1063.51543647006	1558.37533959075	1050.05926271909	1396.61116161367	1101.14777171145	1282.02928800505	1350.73098115775	697.795857906172	1362.26645573261	649.146055942424	1358.0490410887	1385.07392867616	1044.57574021638	942.949560396982	699.072034413387	1369.18955996847	1426.51783936366	947.038694152848	798.716463675674	805.786964949114	1635.12402601886	689.438387166751	965.614124536651	1358.28249214266	1265.49051364977	1377.49702542133	1075.69614442452	1027.97599688069	850.366722537677	1711.18053884306	1017.3491698254	1049.18515423567	1184.07291722508	600.747963754722	1227.91313311594	1524.02859021607	885.313550221847	1047.6510642539	1237.75548423184	986.587239703138	605.909658873316	749.818950771939	473.488791059007	1310.18533234481	873.307652970338	1016.81689761417	1746.15601905252	1390.5445531129	677.916484649409	844.903176690141	518.315293682131	597.259047668253	635.379056087868	1389.47233064267	1646.02620286985	766.746595620945	913.984786814213	1538.33093997616	1125.0666888869	1444.15804420879	1405.70513258753	566.366927738466	317.550095604425	500.214371837642	909.205474094335	607.521655030147	930.507512871205	570.879869876384	1341.49993619383	777.084967911395	1208.01779641403	644.213870964022	811.962378496663	917.50539127467	851.319780182529	1163.75358537807	831.38986892429
2008.88622200027	1390.01274290417	453.015649713292	2185.7115480044	886.070736377048	610.93883324801	785.001246043047	1293.85773843361	1211.00050766954	1007.97500691353	1175.74260973417	1567.66541090676	877.882444833405	738.654589008406	852.740144358796	877.179078286996	927.501359592765	1131.93448657984	938.984967061299	916.885110956461	919.382143777187	937.640270573104	1184.66971524108	1751.58038028814	1170.62210389864	1600.2789990307	1120.11567558014	1656.05891359839	1163.72926619992	1288.53327093527	1408.70565575032	827.866739562452	1566.66540666189	726.925380051122	1358.0490410887	1465.00720719451	1107.00606222177	1111.6696569283	788.817038019808	1443.24999687218	1512.74373190366	1003.76495364508	798.716463675674	863.900164496724	1664.64396404014	689.438387166751	1021.8268046555	1420.10671121624	1265.49051364977	1465.62404029296	1096.10775883956	1027.97599688069	1004.40808393688	1741.11565716176	1062.10204892347	1091.16616926816	1338.06223152029	655.824223019879	1307.05585037917	1553.27458463671	945.797953210218	1047.6510642539	1367.36480111607	1072.87305680223	732.894643162836	778.970619685233	538.150692303335	1367.24838996814	979.252460383506	1123.0377255471	1783.50145506443	1535.59010063186	677.916484649409	933.028860294104	631.710916599203	665.611216044109	676.817250521589	1441.21818268306	1708.26615118022	766.746595620945	1011.52974889971	1563.95211212228	1125.0666888869	1534.92926989806	1467.82669015218	602.382227491128	400.24186488181	684.912566854936	983.780434133714	697.956946586745	930.507512871205	570.879869876384	1341.49993619383	986.19013631819	1257.94597835421	731.100968251852	811.962378496663	917.50539127467	922.361684398895	1245.10012878484	904.242176811952
2009.7172005345	1390.01274290417	583.31156065132	2256.67771610793	950.680308425088	667.679477340471	785.001246043047	1322.06844258443	1280.06284152395	1145.57000877747	1267.22778222753	1635.60952497034	933.096563302267	738.654589008406	980.114647428463	967.167176069449	994.651547625893	1229.39095282304	938.984967061299	986.998130614359	1052.14137577152	970.966957322043	1281.25915343465	1834.26742639091	1300.81943110105	1642.047926294	1189.83863703363	1728.32372872619	1226.24514715302	1361.3663441079	1466.90101390403	963.88591828385	1652.79344905111	804.451314139054	1358.0490410887	1544.9241101991	1173.14756769632	1192.67329729256	879.050852406512	1516.86394709621	1521.61747871618	1060.48145739317	798.716463675674	993.617037599856	1694.15258762802	689.438387166751	1077.95197096159	1482.18520092861	1265.49051364977	1553.23520165575	1132.3179252313	1027.97599688069	1156.70240877373	1770.99827606165	1106.71779035168	1148.12892258704	1490.64086928798	760.474183104983	1386.56611881707	1582.51058166725	1006.13616700506	1047.6510642539	1435.14970693484	1158.85708613827	859.279581916045	813.102644784223	602.581472095894	1424.49825902112	1049.46843253063	1207.27526876638	1820.76032074304	1686.1069689285	677.916484649409	1020.86651254195	744.275892678871	733.766881606693	774.044944204735	1492.88391528817	1770.66002286016	836.586233659127	1108.48324502999	1589.58775637251	1125.0666888869	1632.58902660949	1533.26249287494	653.711863704851	482.52838001511	894.921590299507	1073.86837596532	800.411024844828	930.507512871205	570.879869876384	1347.10177190523	1082.74558767506	1308.03703508344	817.488740844906	811.962378496663	917.50539127467	987.949725570419	1326.27989089684	976.73098921852
2010.54817906874	1390.01274290417	715.651918709445	2314.51505011413	1015.41220730573	774.176867063365	826.091934657399	1348.91692818187	1373.55238741751	1282.21669553406	1358.24958355016	1703.26316796189	1021.88425657217	746.842426068489	1106.41742625446	1107.19286480144	1126.64020865498	1326.41815397621	938.984967061299	1056.9197833538	1146.69925620542	1044.53983019159	1377.22743441914	1937.76413978574	1460.6917065956	1683.68109304714	1259.22358702008	1785.14617194731	1290.67470843827	1433.89038368694	1525.31474400024	1098.63646560187	1738.46400110507	881.720517619016	1358.0490410887	1624.82443879836	1239.04551416911	1274.05346072429	945.647023666523	1546.8709825777	1530.48726141585	1117.18812638052	798.716463675674	1122.32086794747	1729.97886381302	689.438387166751	1133.98882959138	1544.51513119969	1265.49051364977	1640.32243172191	1168.45697449431	1027.97599688069	1310.65813649287	1800.82812724596	1151.19525888654	1363.32597571075	1551.88411657145	864.524182796906	1466.43888730766	1611.73653841925	1066.32674170038	1047.6510642539	1476.15024701334	1244.53478521578	965.747883729414	884.469488799517	671.926291410792	1481.93311574081	1119.36042695586	1287.53873434716	1857.93200993521	1846.38941736658	677.916484649409	1111.76715195863	855.99286171936	829.765500069293	894.386162483158	1550.96482012431	1833.20565358445	936.762248883018	1204.83508476926	1615.23769806227	1125.0666888869	1730.04362271797	1579.65220362414	732.771484856881	564.403497442477	1070.86010194982	1163.39685326231	902.115809996423	930.507512871205	701.88725778784	1421.43064973851	1174.97418603325	1358.28950839994	1005.03384494357	909.864245192137	917.50539127467	1053.67061397635	1407.29082171624	1048.85152758806
2011.37915760297	1390.01274290417	809.417993916484	2372.19822064286	1080.26519399523	985.929281604801	934.88174574351	1375.74907605231	1466.55242469844	1417.89221079294	1448.80070531218	1768.6972154266	1110.26872480356	851.976614733078	1231.62259681343	1213.7611374342	1277.36239955118	1423.00881725637	938.984967061299	1150.84660793076	1240.35253239754	1117.75670088164	1472.56380787216	2041.97776987194	1605.76141561124	1725.17746597427	1328.26593975673	1842.20203523748	1362.09813262463	1472.75326311713	1583.94454928683	1227.5147283608	1823.66986869136	958.729629867396	1358.0490410887	1704.70799387761	1304.69719388833	1355.80483388989	1004.08469732378	1565.78693793744	1539.35307336996	1226.57469038127	798.716463675674	1249.98849328561	1753.13498802184	709.248000569718	1189.9365843169	1607.09369134414	1265.49051364977	1726.87757758519	1204.52445788751	1063.28899776138	1436.0887581858	1830.60494167004	1195.53331428958	1575.21206516161	1642.53700696388	967.963156189803	1546.66914527125	1640.95241197533	1126.36822126398	1074.36919408009	1517.06009525798	1330.94177648987	1151.87436812789	1022.85399673633	760.28436595509	1539.55114637088	1188.92442109654	1368.23135432983	1895.01591434117	2005.03302979087	677.916484649409	1205.2265708355	966.844252020188	936.924713540953	1013.75644094267	1625.65162273409	1895.90088705943	1036.38537728836	1300.57497457207	1640.90176256565	1125.0666888869	1827.28991043995	1625.89282545226	861.186895861989	645.861012147805	1123.06933221669	1252.35677655292	1003.05725727336	948.368417955249	858.159534727813	1495.39699606097	1266.72172570326	1408.7019482584	1062.30439077074	1028.71463539412	917.50539127467	1119.52297234309	1524.29390842364	1120.59897404985
2012.2101361372	1390.01274290417	911.14336427217	2439.40892771494	1145.23803346387	1194.78229283873	1043.00425818202	1402.56475198057	1559.05442805575	1552.57340775597	1538.87377668207	1831.15157698072	1187.00082789024	956.383369739635	1355.70397029485	1319.82192313646	1495.10213708765	1519.15560986162	983.857682890614	1248.84799590596	1334.56781659562	1190.61297313909	1567.25741009913	2146.89515861875	1694.05234868224	1766.53600679092	1438.38016025039	1899.48874479816	1433.31493266842	1501.67246122596	1642.78814787988	1328.37457658623	1908.4037877211	1041.51675452808	1377.43097436642	1784.57457606058	1370.09988357397	1437.92214743725	1062.29786925013	1584.67674310369	1548.21490794402	1300.25678517747	808.168746561505	1325.16393083274	1782.60831277581	807.525526209643	1247.6095731934	1669.91809008072	1265.49051364977	1808.11435838004	1242.38888981161	1202.12056826232	1502.65597049785	1860.32844954328	1239.73081131821	1781.24063799365	1732.81565055296	1070.77992208497	1627.2519226861	1670.15815938849	1186.25914352887	1171.38377144351	1557.87863465096	1427.03956652622	1335.75905054568	1159.9843920552	915.494920258719	1597.35054717556	1258.15636287972	1449.34682359369	1981.27672464534	2161.99118617624	677.916484649409	1299.2023546901	1076.81228093271	1044.63497849555	1132.13467438306	1699.97864411132	1958.74357487074	1133.10689111192	1395.69251823227	1667.40526657206	1125.0666888869	1924.32472883028	1722.13924430531	988.727456636329	862.540621264299	1175.42876329761	1340.73896480142	1103.22116563822	1017.29814568734	1012.71797808407	1568.99612780764	1370.91863335686	1459.27291277214	1119.78758317066	1146.72869978582	917.50539127467	1185.50542819564	1627.61355854954	1191.96847152892
2013.04111467143	1390.01274290417	1012.27441508485	2518.93831311564	1210.32949463392	1400.62572424449	1150.4468757485	1429.36382158863	1651.04979139519	1686.23684930897	1628.4613646178	1859.9002646737	1230.04005548002	1060.04902868504	1490.1363052074	1425.3660880522	1709.79312628744	1614.85113881147	1058.05493149638	1346.51923227878	1429.33570744252	1263.10401658628	1657.45520820005	2252.5032929723	1781.97356940266	1807.75567225909	1495.2020832911	1957.00373997579	1530.52731234249	1580.40751179483	1701.84327276006	1360.07393943167	1992.65842413315	1188.40682051653	1484.31359786331	1864.42398567105	1435.25084449477	1520.40017597141	1180.53493001821	1603.54030825483	1557.07275849702	1373.61175796631	865.115212346798	1385.41414508658	1812.06941897767	895.846051386639	1320.22429155999	1732.9855555336	1363.19427862787	1879.66935150502	1323.20583019399	1339.98655966628	1553.19710301465	1889.99838033031	1283.78659973835	1954.28535818533	1822.71429234531	1172.96318411112	1708.18229007547	1699.35373768162	1245.99804018863	1267.81939793602	1598.6052460681	1523.65610642142	1517.32718609033	1295.82970399287	1069.28928051169	1655.32952444914	1327.05217084077	1680.13502885149	2055.43298776614	2302.19889608838	892.498200609155	1393.68620169156	1185.87895576699	1148.26745402117	1249.499471842	1806.85562769722	2021.73157632614	1229.96653593749	1471.24535219394	1696.76516111918	1125.0666888869	2014.8192227188	1762.57596183276	1115.3735959322	1019.97041472578	1231.81732755898	1428.53414579821	1194.74501755205	1085.92847375655	1165.51415373012	1627.7058076291	1481.37878308152	1510.00096821281	1177.48122436158	1270.82670249465	953.623672019235	1241.69129638461	1707.33569513238	1262.95512388504
2013.87209320566	1390.01274290417	1112.80069715678	2573.93336790109	1292.96318138617	1497.57951066226	1257.19687209477	1456.14615033251	1742.52982763183	1818.85880887076	1717.55597417503	1883.13836520081	1273.21574825221	1162.9597747813	1637.03480166631	1554.41835247608	1826.59645511341	1717.88216123243	1148.47993527232	1460.27712528986	1524.64690157508	1355.83329184366	1767.76218346116	2358.7893051903	1869.51948645606	1848.90762458026	1551.86053858554	2014.74447328154	1646.73304874122	1658.77110420797	1761.1076717637	1448.89409946404	2076.4263739373	1298.41103882665	1575.36054623812	1944.25602269437	1524.37434790074	1603.233737998	1370.08169505155	1622.37754338919	1565.92661838254	1446.63551033594	955.587636505412	1445.52205953215	1841.51808025701	973.455388566901	1392.45743031389	1796.29333522566	1437.44214855311	1958.489886041	1405.95477024027	1476.86389311593	1595.77286858973	1919.61446275236	1327.69952433882	2093.39777061319	1912.22713494298	1298.9115792138	1753.07186818486	1728.53910384651	1325.99757491658	1363.66556774831	1661.20743065645	1620.78285997494	1740.02846646962	1430.3585104483	1221.6285086379	1713.48629452134	1371.07830747761	1758.62483631987	2088.89865028326	2346.6293078974	1062.89993059599	1488.66988653073	1307.39789015857	1203.13460468527	1391.22143721207	1907.76772001072	2084.8627582936	1355.35026654749	1516.05700348172	1726.05930191005	1125.0666888869	2096.36657547319	1802.95244163549	1241.10550688325	1176.58913697895	1339.07611496054	1559.73139200633	1230.11586032789	1176.92306024635	1371.90769132947	1661.40800218293	1538.99669912136	1560.88468900772	1344.23437217968	1433.08522168487	1017.56932926493	1272.56580431668	1748.95676672227	1353.02950684312
2014.70307173989	1418.58725829325	1212.71166041883	2624.97531930784	1384.15767483613	1596.60741495396	1408.55824132835	1491.31547281809	1833.48576857205	1942.81978837308	1958.00822395356	1906.4037702098	1320.81257494087	1308.69720046501	1727.10651777342	1740.52970250215	1936.37229312221	1943.99752308304	1262.53771549223	1608.07317509164	1620.49219357887	1611.85795163941	1888.66860911599	2465.74047299306	1956.68446634221	1901.77184063465	1612.34838665653	2079.74175466051	1683.98592807267	1737.61816122391	1820.57910756883	1596.35122468611	2159.70016331886	1337.13262501978	1667.01218281637	2115.66985927249	1596.40550587254	1641.62228776332	1565.34040035708	1641.18835832657	1636.9538992685	1519.32391641913	1027.0513964768	1601.10206828901	1870.95407009246	1050.77263331105	1524.1644144332	1859.83869606406	1506.67705442432	2036.93680994384	1531.85191666525	1615.62458881696	1638.30661665708	2041.31306133632	1371.46842494731	2168.80842249388	2078.78905339176	1417.55875977961	1772.69791658315	1956.10578575076	1407.90230350697	1458.91167558156	1733.67516425267	1718.41136983991	1827.35328146506	1612.61592745378	1372.47304582404	1771.81908375907	1447.1945413093	1859.40329994665	2127.29504292148	2391.17896806346	1158.3727683057	1584.14526054831	1534.10749367753	1271.61479600031	1536.62254070224	1950.84787411318	2148.13499503474	1436.73180354999	1621.81465485557	1757.29694584943	1127.75115051905	2234.1920186379	1846.0845132956	1415.20204128126	1362.40507708722	1421.38811408688	1620.44552506298	1291.35504652423	1264.87955772655	1449.27513256606	1695.19681236196	1652.42826067671	1654.43524122607	1560.48684823262	1568.24874340624	1081.39289001368	1328.03256875089	1790.44799064253	1429.65104648892
2015.53405027412	1554.57675749235	1395.91104696664	2675.8588878055	1474.88699704561	1703.07657147376	1586.13290385791	1542.88653065569	1923.9087648863	2017.70015224407	2170.87272031291	1929.69632795164	1399.15076371506	1397.4023104174	1803.64122303262	1971.97120601758	2032.79155054378	2138.47869645669	1348.53246006131	1723.25804568922	1852.59382611364	1733.69805521769	2008.48175096944	2573.34421954003	2043.46283337055	1954.84291138142	1743.56771564145	2219.21847597378	1769.83398272979	1817.24974464053	1880.25535767638	1672.57570825927	2242.47224880788	1386.03931364422	1759.25784349211	2250.49180628051	1642.51093207988	1675.12132487485	1777.08616600032	1688.45919980174	1727.86829735345	1643.74857249018	1101.30993289375	1710.04579472429	1900.37716180425	1147.57738921305	1683.77809358282	1923.61892431856	1557.76360090005	2122.75851396988	1741.14243211149	1884.00663199682	1695.96003301967	2155.02752245639	1415.0921364483	2272.1466447021	2289.64928837191	1555.37205564508	1895.61428484502	2139.92094362687	1476.2445757967	1553.54701676379	1985.3802759885	1816.53325756624	1918.78064772724	1788.3312102388	1618.50519707167	1830.32612856421	1546.30412710686	1943.99482933507	2165.58882744811	2435.8467383223	1236.60623835318	1680.10425178115	1639.87506687679	1364.12051228411	1845.5796825965	1994.9353485847	2230.21270731456	1548.5909546918	1750.53001162371	1805.36018575881	1219.45807473803	2359.55296000423	1905.70857264724	1543.13627077933	1586.25494902857	1506.96302267049	1699.36485108426	1399.83896173933	1314.26397787163	1497.00223566281	1747.24306555243	1779.14443008237	1701.11334282682	1667.19227971704	1658.19850146428	1145.09179187464	1399.26571667115	1883.11666427148	1506.10200991787
2016.36502880836	1585.44823339016	1453.91630183524	2724.61275888735	1565.14328754044	1837.8464527334	1645.88169085042	1605.45307246503	2013.78988617626	2092.15057678845	2170.87272031291	1986.76198533469	1588.58553529912	1405.74499415099	1880.60349459125	1971.97120601758	2127.92412300132	2192.01074541884	1348.53246006131	1723.25804568922	2116.24639675665	1735.37723756589	2008.48175096944	2573.34421954003	2129.84886970039	1976.64790179068	1743.56771564145	2310.55899582189	1780.70813743698	1829.9575959232	1952.02500271942	1793.07810419542	2324.73501751518	1488.49828076415	1940.42458496579	2398.44877881734	1688.76248430579	1708.55563403754	1777.08616600032	1725.20022439503	1727.86829735345	1784.38162770679	1161.48006833137	1740.04252958658	1929.78712854694	1374.91312545407	1782.75748787214	1923.61892431856	1621.0150703922	2122.75851396988	1846.03174689364	2029.95522020924	1695.96003301967	2155.02752245639	1458.56948880278	2380.66367364418	2353.40399927912	1630.93730601318	1904.7287795096	2238.50597196215	1541.92952922627	1647.56078750732	1985.3802759885	1816.53325756624	2099.9236901041	1863.39656281055	1662.4341265256	1866.16235124262	1631.01602549366	2019.20020422537	2165.58882744811	2480.63148346189	1244.85725280908	1680.10425178115	1745.07637591748	1425.06480933345	1974.41599896828	2067.93405686319	2413.93032022166	1548.5909546918	1750.53001162371	1872.1090108013	1313.20263587405	2457.56161286352	1964.08483819772	1543.13627077933	1632.3360132595	1623.59532097568	1762.43323320885	1507.48200419942	1340.84108562681	1692.04082331803	1799.2532319499	1806.6460253688	1747.62832111213	1760.46954839023	1658.19850146428	1208.66346702821	1494.72192701664	1883.11666427148	1541.91567290486
2017.19600734259	1637.76751890207	1533.54953060346	2812.61701733272	1654.91861218218	1928.88118086356	1761.55050081646	1680.76431796173	2103.12012114058	2178.03816775098	2179.85246947855	2080.18337960789	1588.58553529912	1469.71733011523	1886.10668934631	2112.76017383793	2222.78915320404	2258.52140877414	1399.65230115958	1745.49358251622	2395.98895883595	1779.51848176164	2042.76098135742	2573.34421954003	2129.84886970039	2046.61336597896	1756.07685392851	2310.55899582189	1849.44400212602	1829.9575959232	1952.02500271942	1793.07810419542	2406.48078743846	1565.41108661721	1974.21612495618	2473.61183137459	1743.3470997845	1710.77680443655	1777.08616600032	1766.60639548731	1727.86829735345	1784.38162770679	1215.41525164531	1762.36700914466	1959.18374330203	1480.68117214162	1935.23566815753	1953.49260297236	1778.1629961809	2124.73000057826	1923.74046428896	2119.7058321961	1700.76102824759	2155.02752245639	1501.89930706962	2482.78951822524	2590.83270900135	1773.03967016016	1914.42815429253	2249.10403556824	1640.07464586053	1740.94208531322	1985.3802759885	1924.33599233057	2099.9236901041	1949.49620210689	1751.9397592707	1925.82677910811	1696.32667099624	2105.22677877962	2173.73719664139	2480.63148346189	1245.1385056765	1821.3512859936	1849.69706454053	1485.80051591951	1977.23936381224	2140.6193564993	2413.93032022166	1603.28500104329	1804.26037370285	1926.10561038605	1417.14359963058	2537.54667564638	2022.02692736445	1607.6782311973	1709.02647338165	1740.09337574572	1762.43323320885	1614.26614417275	1365.70523745949	1808.30256903757	1876.07456113517	1894.79506916492	1793.97875607144	1859.95409368768	1687.52152368795	1257.41316456497	1620.73754946236	1890.78773056423	1674.3265515831
2018.02698587682	1662.84051437509	1659.03117346467	2816.51134921478	1744.20496298785	1973.9633923361	1902.90692902635	1755.63157343493	2191.89037784363	2313.22659392531	2179.85246947855	2104.16098773736	1588.58553529912	1533.66801322029	1968.38439894645	2112.76017383793	2317.37748157703	2324.95528592967	1399.65230115958	1792.1376223283	2679.99866658788	1779.51848176164	2142.8653755504	2573.34421954003	2129.84886970039	2084.961037367	1771.41741941278	2310.55899582189	1888.41100478701	1829.9575959232	1954.20715231814	1793.07810419542	2487.70180784116	1652.93586151531	1974.21612495618	2533.75660612793	1861.31326878567	1804.0809023101	1824.72256423869	1766.60639548731	1727.86829735345	1784.38162770679	1215.41525164531	1840.77427281231	1993.94558291954	1539.63709194672	2053.09650915762	2017.64651343376	1778.1629961809	2221.68880586529	2010.08786562675	2192.39694866841	1700.76102824759	2176.54729109713	1541.43946031943	2603.26495570131	2884.88878217807	1809.91667762197	1914.42815429253	2263.72415643164	1704.15257341607	1821.838793653	1985.3802759885	2022.55851172654	2099.9236901041	2034.11022715373	1841.21498870322	1981.56192522322	1761.61307461449	2162.01046760021	2232.98142621386	2480.63148346189	1300.17907292386	1821.3512859936	1903.75488441062	1566.14033415646	1984.20827322956	2212.98624072447	2413.93032022166	1681.86928278261	1888.2262267241	1963.26024998582	1490.6193420069	2617.45700561472	2022.02692736445	1661.25356955058	1788.6350543297	1812.73023022637	1776.29372898321	1721.95793036579	1460.03682893296	1808.30256903757	1903.15379464455	1982.39604042215	1840.16322105468	1925.3485725867	1687.52152368795	1297.24827726208	1745.53985400572	1955.95710768075	1674.3265515831
2018.85796441105	1688.91359685849	1783.62554670336	2847.88055507815	1832.99425802343	1973.9633923361	2054.25652070113	1852.93227119724	2280.09148409093	2365.04444257144	2179.85246947855	2104.16098773736	1588.58553529912	1640.4441554888	2048.82646200709	2127.02303130265	2376.78638632129	2415.97705456278	1399.65230115958	1952.19146127756	2728.5559880399	1779.51848176164	2243.59240163904	2573.34421954003	2136.32385954699	2108.60890341558	1814.86277149703	2310.55899582189	1945.23289983685	1968.85937905856	2003.56763185669	1793.07810419542	2561.78996276962	1740.18200591079	1974.21612495618	2593.96657431221	1969.21436295073	1896.71537026378	1919.7532298572	1766.60639548731	1727.86829735345	1839.32335479024	1257.64685206594	1895.55346474276	2040.29775591859	1616.75619513128	2093.66339855722	2017.64651343376	1778.1629961809	2317.96129779162	2119.58984439023	2265.05396940444	1731.35768480397	2246.57548845335	1579.50447064776	2603.26495570131	2973.41853897382	1879.66926732691	1914.42815429253	2327.16988732519	1768.31323890917	1859.24900537629	2018.50492118314	2140.62651388891	2104.1672761404	2185.25198889671	1906.44728289128	2021.46746656634	1826.87263609991	2218.62237282045	2324.45433025972	2507.7716092756	1366.47020477662	1829.90599054404	1957.97113511829	1647.40833988511	1984.20827322956	2282.84503208307	2413.93032022166	1763.74238851407	1937.00915898383	2000.31290318603	1564.19543059859	2697.28793224657	2035.14501267911	1722.03725151724	1868.43992952537	1861.58724069019	1815.96927673686	1849.66258160719	1539.37873059997	1808.30256903757	1955.04362673168	2069.44019218318	1886.18028279543	1990.40965796399	1738.24694931257	1337.05062049625	1869.09875064264	1997.02000311831	1713.77741804091
2019.68894294528	1758.15255147736	1853.67450509819	2879.31441875625	1921.2783413744	2026.32831015793	2133.71036275101	1912.52574050461	2367.71418791613	2500.60871933391	2179.85246947855	2104.16098773736	1609.78809862403	1803.80365194882	2088.7184537337	2216.95154848516	2432.14439597686	2478.18741147665	1418.95767813045	2123.99984513267	2776.94625886224	1779.51848176164	2385.02720900342	2573.34421954003	2180.29623433628	2132.27955486666	1858.45286691872	2350.16953837623	2009.51434685767	2089.26020692994	2050.51261107384	1793.07810419542	2606.25672781218	1847.64842271266	1974.21612495618	2654.2395843275	2087.05438615714	1988.66815276849	2014.25677632441	1766.60639548731	1765.08919614788	1923.21937368247	1308.94960788124	2043.92645741161	2086.50186822976	1668.86355396123	2134.35521345352	2060.36203025522	1778.93708591272	2413.5350256828	2251.02934773006	2518.69041753271	1803.0411898964	2319.13453240305	1615.52538608883	2603.26495570131	3061.36205811774	1961.83989171566	1960.00154821648	2336.95545044919	1832.55395684389	1896.61600423071	2059.91798548525	2223.22014097877	2156.51383021515	2259.95928288324	1969.89804509062	2060.64578294537	1892.10275365636	2275.06016258354	2415.39223336085	2688.78606846122	1452.79893296278	1923.32551163884	2012.40725601516	1731.61232063951	2067.0425095418	2352.05153570661	2473.00986393068	1852.76084757764	1981.10053076048	2037.26280149083	1637.86768423278	2777.03477889419	2079.8262900803	1788.83709263326	1958.63806019633	1910.25238560495	1855.70842673623	1935.18527639181	1618.63549086477	1808.30256903757	2006.89278258326	2155.91869609854	1932.02850143559	2055.13323319546	1812.84492317447	1376.82001067727	1987.00446915503	2037.94700199868	1779.95817681977
2020.51992147951	1826.88952381922	1920.03943897069	2946.10429673044	2022.25735356233	2065.62602448719	2177.28064591712	1972.17157594252	2454.74915818368	2635.63822098328	2243.39645817391	2104.16098773736	1679.66190264201	1961.66270612671	2128.52531346536	2306.76449509616	2504.99409480949	2556.09172935431	1452.6327313346	2204.59813076462	2825.16803598139	1779.51848176164	2482.79832906097	2573.34421954003	2224.11600217077	2155.97290905833	2027.39750903524	2422.53228396861	2073.55020542373	2184.631123366	2076.67551188671	1799.09900220712	2650.61156718086	1959.49118824711	1974.21612495618	2714.57348533562	2189.27533127501	2079.92709944331	2114.17216072924	1810.05094630991	1806.77333591282	2066.87685858231	1377.96431046141	2191.7790305211	2132.55648850587	1720.9760654177	2191.53845595998	2141.0041427462	1824.40851899713	2466.08973989015	2382.72367174522	2585.1482136236	1919.80749683025	2391.27520521871	1664.48659371407	2603.26495570131	3148.70995256476	2038.69599650066	2004.46457956007	2374.3843090485	1896.87204283691	1933.93954834045	2101.20003222335	2296.08211022633	2208.82423407993	2306.70244281488	2033.6462843452	2100.1623919612	1964.4686644327	2331.90332940882	2505.78668297552	2900.41767573587	1564.2134115686	2016.83897297711	2100.6194828893	1815.46780534108	2194.88873614073	2402.13174761581	2540.7157363276	1955.74442981524	2025.09041706407	2074.78864741151	1712.36079588063	2856.69286166051	2128.0920949373	1864.52030345234	2062.1628497244	1958.723924969	1913.20135977511	2005.97645127033	1697.80619127763	1859.45717563622	2058.70097919428	2241.82264295855	1977.70643055297	2119.51515629382	1887.26904327617	1416.55626398098	2103.78288467456	2078.73706778045	1845.77886932192
2021.35090001375	1894.67613202936	1986.74066261605	3056.04336871594	2193.73429307097	2104.88701620892	2220.70606450451	2031.86936771533	2554.2858970263	2757.1765576184	2322.80234481563	2144.50849497354	1722.6315047971	2117.25875208813	2168.246239301	2369.33188180711	2605.06548449344	2635.14832481924	1518.44068211681	2277.01826125549	2873.21986914294	1779.51848176164	2540.05483008237	2573.34421954003	2308.748191606	2179.68888344615	2065.61021391191	2523.05625126243	2134.60460143083	2281.32297780004	2158.67829215704	1913.93742696292	2698.48056555498	2079.53717434173	1974.21612495618	2774.96612698785	2272.27617954259	2170.47996617258	2336.35246537419	1886.3068487296	1848.3146615404	2134.25499626106	1447.33566820137	2339.07872172591	2178.46018123638	1773.09369696137	2261.17912947411	2227.50215035301	1891.77099873006	2515.97766115499	2503.71362054347	2651.25790922845	2042.3133572455	2462.99183990675	1721.41966216792	2603.26495570131	3235.45274985114	2105.54060530518	2096.83090381539	2411.70241411485	1961.26481324396	1971.21939539446	2165.73137316315	2369.28504445394	2261.09707088176	2358.45016017438	2097.68837859793	2181.607278734	2069.22467501248	2397.62220688932	2580.86619281702	3000.60364985057	1602.87465144258	2110.43853860383	2157.87150599632	1898.84946157826	2314.4608872489	2472.55385528667	2702.94125758438	2057.98844916673	2068.97810579199	2129.67111837809	1779.05820811817	2936.25748828227	2232.69957489442	1940.45925797108	2165.79795968455	2015.79170909169	1971.44026441746	2045.34908518945	1776.88991171956	1928.21165928646	2111.73144434723	2327.14304333272	2032.97277367355	2183.55126008101	1961.5151065828	1456.25919634654	2309.37527564472	2119.38915986517	1911.2350613547
2022.18187854798	1969.06619912091	2122.53091331614	3112.78124271349	2363.22671307336	2203.16839596503	2379.93526681798	2091.61870644651	2631.16545342375	2787.8958890333	2402.689029061	2172.41079586989	1737.96873583452	2202.83243911829	2246.85841222729	2390.68583502124	2676.79532992205	2714.39546704585	1602.27972555997	2349.04664849216	2921.10030094178	1916.30906293863	2597.34880100588	2573.34421954003	2555.76951992144	2203.42739560401	2124.00950691444	2646.86437227767	2225.22127343338	2392.96602876378	2259.99556752246	1978.04059569033	2755.98858189828	2111.43973620707	1974.21612495618	2828.59702891504	2346.08499639761	2241.22607021832	2412.90601238214	1983.09805268726	1937.69165518678	2201.8705058093	1521.20606688621	2436.757537662	2245.76626917797	1830.8480475904	2341.1293314088	2324.11914025556	1980.87027434941	2566.04765966202	2618.4650022893	2748.44007614524	2101.10486846093	2534.27873004384	1774.19772243664	2624.7094578064	3321.58089285198	2172.49450141673	2188.5430928189	2448.90900133801	2025.72958478241	2008.45530264555	2270.15195401473	2461.51603473556	2313.33092243412	2421.01992992643	2167.43042609745	2338.14660926144	2174.05717670072	2503.7309124779	2624.7035676716	3097.03009564168	1645.24214700231	2204.11636819705	2215.21796978169	1981.05854155012	2390.14745137238	2545.12003517991	2811.91684361104	2159.47837691642	2139.89131531332	2184.30417205599	1828.86363128168	3014.90244378626	2309.47018700307	2038.51779728146	2283.415887897	2115.52778124288	2028.33944765255	2081.38186835403	1845.67268823732	2008.19798904652	2204.34058929795	2407.01501212521	2130.32495154095	2312.32675716048	2019.18323294518	1533.34054942477	2405.4659087787	2159.90223361869	1976.32229053462
2023.01285708221	2122.89778565716	2272.62417007828	3191.7140231318	2530.67395637647	2355.68297119712	2653.25522519487	2230.02825574593	2707.84313345209	2840.09269939216	2483.04969647248	2200.24818671536	1753.30048027561	2279.42419897921	2365.53320776565	2479.88016938059	2733.939313948	2884.59862382895	1662.60979390737	2420.67816064374	2968.80786685352	2125.07883100235	2718.66499044693	2573.34421954003	2752.82745387606	2227.18836322351	2190.6914416332	2769.47750172862	2352.49628813469	2537.76491265753	2362.04024345415	2083.46310537636	2833.24654418621	2143.33207440074	1974.21612495618	2881.06481558245	2444.61932250556	2435.29605813107	2662.93767892853	2074.78080871728	2029.45357281666	2269.72084677662	1615.87560160599	2561.3337457428	2340.01811411701	1920.71436290233	2436.92004266446	2456.90690252322	2124.80114147272	2616.29806515283	2732.92551907837	2882.23886097373	2160.04760180903	2612.65823068833	1827.19472522353	2669.69905602288	3407.08474065283	2239.55472471888	2279.59030102231	2486.00330357545	2191.01658806451	2033.22501735308	2380.08877148473	2561.91412694712	2445.53706887247	2567.64230225787	2249.79820940469	2498.02073523406	2296.78687535911	2630.39327748818	2668.65094139013	3189.86155852841	1726.95613292895	2422.49965375358	2272.65809633867	2056.81659953463	2466.05399289879	2616.14282785704	2888.99881840056	2306.0524389034	2240.29391150058	2238.68514475765	1902.84779990293	3100.30082576351	2331.03598439971	2172.32110154437	2366.63411918477	2189.60852472882	2085.34621770658	2117.45223702605	1901.6692299475	2093.70067136158	2373.33292120525	2490.80315510124	2226.9159963762	2431.48022087096	2105.16251618792	1647.824088596	2502.26042884262	2205.74904428416	2041.03606654106
2023.84383561644	2122.89778565716	2272.62417007828	3191.7140231318	2530.67395637647	2355.68297119712	2653.25522519487	2230.02825574593	2707.84313345209	2840.09269939216	2483.04969647248	2200.24818671536	1753.30048027561	2279.42419897921	2365.53320776565	2479.88016938059	2733.939313948	2884.59862382895	1662.60979390737	2420.67816064374	2968.80786685352	2125.07883100235	2718.66499044693	2573.34421954003	2752.82745387606	2227.18836322351	2190.6914416332	2769.47750172862	2352.49628813469	2537.76491265753	2362.04024345415	2083.46310537636	2833.24654418621	2143.33207440074	1974.21612495618	2881.06481558245	2444.61932250556	2435.29605813107	2662.93767892853	2074.78080871728	2029.45357281666	2269.72084677662	1615.87560160599	2561.3337457428	2340.01811411701	1920.71436290233	2436.92004266446	2456.90690252322	2124.80114147272	2616.29806515283	2732.92551907837	2882.23886097373	2160.04760180903	2612.65823068833	1827.19472522353	2669.69905602288	3407.08474065283	2239.55472471888	2279.59030102231	2486.00330357545	2191.01658806451	2033.22501735308	2380.08877148473	2561.91412694712	2445.53706887247	2567.64230225787	2249.79820940469	2498.02073523406	2296.78687535911	2630.39327748818	2668.65094139013	3189.86155852841	1726.95613292895	2422.49965375358	2272.65809633867	2056.81659953463	2466.05399289879	2616.14282785704	2888.99881840056	2306.0524389034	2240.29391150058	2238.68514475765	1902.84779990293	3100.30082576351	2331.03598439971	2172.32110154437	2366.63411918477	2189.60852472882	2085.34621770658	2117.45223702605	1901.6692299475	2093.70067136158	2373.33292120525	2490.80315510124	2226.9159963762	2431.48022087096	2105.16251618792	1647.824088596	2502.26042884262	2205.74904428416	2041.03606654106
