Univariate_LR_coefficients_null_raster	Univariate_LR_coefficients_her_veg_C	Univariate_LR_R2_null_raster	Univariate_LR_R2_her_veg_C	Univariate_LR_delta_R2_her_veg_C
0.500384782454601	0.528087983721325	0.529724608852601	0.105593203814372	-0.424131405038229
0.598734101977677	0.47226452282265	0.310465847319546	0.0313314661939976	-0.279134381125548
0.397733803848193	0.540435744024616	0.362807603232674	0.128631286687244	-0.23417631654543
0.379702274638744	0.586481123799946	0.39258871916929	0.153748970296688	-0.238839748872601
0.475676014185618	0.581425340687991	0.475778044516905	0.114623142998098	-0.361154901518808
0.481567273429568	0.345644078052069	0.362777139823593	0.0386261195131672	-0.324151020310425
0.426731519872568	0.69530599049945	0.456431413562904	0.208455110082766	-0.247976303480138
0.402994589428909	0.691890261153228	0.375760211549618	0.171927887978999	-0.203832323570619
0.556105674539595	0.717991968143357	0.543590561639994	0.151024867962344	-0.39256569367765
0.485652799017552	0.647730960694439	0.532394677901439	0.174187204123568	-0.358207473777871
0.389239481185579	0.461950899494108	0.420633095893462	0.0861983910895778	-0.334434704803884
0.406869850896763	0.595068742018065	0.523663905674913	0.176557056816782	-0.347106848858131
0.724099687231873	0.722619712215471	0.439337421967761	0.0659275731071284	-0.373409848860632
0.69184430446921	0.703712172483409	0.441242287796801	0.0745722669223498	-0.366670020874452
0.406754153301763	0.482414389068367	0.338779133681712	0.0900257748658395	-0.248753358815872
0.622013404250828	0.526965400833974	0.386967759624676	0.0415918804907256	-0.34537587913395
0.4644906836007	0.757439467112118	0.616330709938815	0.16270358931451	-0.453627120624305
0.474161031452312	0.620292902635387	0.365748978641581	0.103752046408008	-0.261996932233573
0.484134689476405	0.610352521518233	0.404365580607366	0.0917142606149178	-0.312651319992448
0.406192443450864	0.509970082739428	0.410402333426672	0.142221209322786	-0.268181124103887
0.431673433897665	0.764018085020968	0.481153094265713	0.236302266413815	-0.244850827851898
0.435906408808703	0.58258414329505	0.578256834263428	0.16359139944487	-0.414665434818557
0.482186160281811	0.62213025173478	0.463957806884237	0.116248620125545	-0.347709186758692
0.35047244626973	0.548287608536515	0.450195550687902	0.162860766732227	-0.287334783955675
0.456026497921207	0.543401428580968	0.411078775608758	0.113135003555821	-0.297943772052937
0.498496156873473	0.711484467294974	0.368703749461164	0.141164052515115	-0.227539696946049
0.429520856533532	0.676051993612854	0.469670388365547	0.204277010297157	-0.265393378068389
0.549097979092012	0.748513344606917	0.458935834449754	0.141888321055284	-0.317047513394471
0.393824641263865	0.59273421839531	0.336190937411826	0.128140993452125	-0.208049943959701
0.363273053838869	0.547873529097034	0.432840580789488	0.213851031595713	-0.218989549193776
0.40823964259397	0.607221280461891	0.421260825303892	0.136865725937233	-0.284395099366659
0.362557138031507	0.545238023998026	0.39535641686789	0.182009693360278	-0.213346723507611
0.350429342803703	0.505743162915607	0.408250401668753	0.146725690095109	-0.261524711573643
0.38654895135973	0.649397761207586	0.468821021312595	0.216647924971603	-0.252173096340992
0.350262757682986	0.497127349993102	0.426564492835173	0.163688602359689	-0.262875890475484
0.384003525015585	0.618312231016538	0.460603493204345	0.187421888375991	-0.273181604828354
0.782976204893794	0.958202209855483	0.517983684916841	0.113397862647097	-0.404585822269744
0.429921587824571	0.468029435419097	0.42763785839022	0.0989609279710734	-0.328676930419147
0.601550419709332	0.525209531133151	0.271673010477295	0.0417381708713296	-0.229934839605966
0.437938487407643	0.711240108333759	0.350973545675491	0.143172372266109	-0.207801173409382
0.463057526076243	0.624543521987954	0.49810171486629	0.167234096589455	-0.330867618276835
0.570633711838618	0.632651765303512	0.367523319253551	0.0917450505851656	-0.275778268668386
0.471344825821115	0.610465751894141	0.504167203690353	0.135759343502504	-0.368407860187849
0.291484590419602	0.469163250180139	0.278041608887947	0.124301547586343	-0.153740061301604
0.349076385844539	0.53325285715426	0.328629981761808	0.14185476811474	-0.186775213647067
0.352169866054658	0.45053696828829	0.423838106044178	0.127497014720499	-0.296341091323679
0.637857495274072	0.582619349273663	0.306167313362339	0.0460073365051343	-0.260159976857205
0.518247310515415	0.650357902760047	0.408857281480034	0.080044383382423	-0.328812898097611
0.458480056801202	0.597497824687804	0.344433985112679	0.0986734468075868	-0.245760538305092
0.595715418574304	0.841236261094819	0.466525849208692	0.140661305951897	-0.325864543256794
0.425908958064217	0.705281633346107	0.492623525085882	0.206057328438011	-0.286566196647871
0.365895239883394	0.511007197948739	0.436113431006194	0.154707308866852	-0.281406122139342
0.523599875767326	0.582036939574312	0.371771529138599	0.074622843666901	-0.297148685471698
0.592195918894034	0.703920890859061	0.48605633152856	0.121642495576817	-0.364413835951743
0.433339764031122	0.35706284592584	0.295232197681011	0.0338078659808188	-0.261424331700192
0.41790951774112	0.677114412502937	0.528077663948426	0.243298898412143	-0.284778765536283
0.425658940868453	0.654913751643246	0.32385053316737	0.130317322742378	-0.193533210424992
0.5183700882234	0.805591349126463	0.443814065198077	0.163267740844979	-0.280546324353098
0.614880193416137	0.618516672081591	0.431971863847771	0.0793472310329979	-0.352624632814773
0.624781515668878	0.655584254348074	0.328097817182146	0.0630349706457816	-0.265062846536365
0.492453529719684	0.697202076375328	0.544958969249247	0.186840551365069	-0.358118417884178
0.638426167714997	0.719315021576622	0.464959786668546	0.0985032703614416	-0.366456516307104
0.513830948050231	0.813009696634622	0.544148933071556	0.187022124093441	-0.357126808978115
0.421179212400409	0.546638306006374	0.234546411804383	0.0745199490634023	-0.160026462740981
0.539746120624576	0.544145020863545	0.503260395367419	0.0803709968699399	-0.422889398497479
0.34639660261548	0.471422505718253	0.387718135533337	0.133887880820254	-0.253830254713083
0.359748207175915	0.520892702908445	0.422808190547482	0.149628215491193	-0.273179975056289
0.529668199950621	0.512477739740405	0.393083571618718	0.0692439003861853	-0.323839671232532
0.503836443891332	0.432390870823958	0.349344634254206	0.0556780270841618	-0.293666607170044
0.445307776366745	0.514828342414893	0.357470915775356	0.094470911747527	-0.263000004027829
0.50884391058068	0.647708046067092	0.523446213188807	0.127581481282096	-0.395864731906711
0.67850646384122	0.751263990339314	0.378321932931629	0.0732591448556289	-0.305062788076
0.334359137556116	0.574468046000004	0.360191090554627	0.209303015180536	-0.150888075374091
0.472803191465967	0.583825188321249	0.441837458465318	0.108815493657012	-0.333021964808306
0.50236130566053	0.797482166618795	0.603832337228195	0.250679718629005	-0.35315261859919
0.460086833679272	0.69772180918191	0.551333522374054	0.203736596399713	-0.347596925974341
0.391380053180398	0.567123597276746	0.428815700396346	0.15689501912161	-0.271920681274736
0.342679472505684	0.541995665079747	0.334598880793557	0.166565982222448	-0.16803289857111
0.5275852124373	0.559356529409896	0.417158343587525	0.0850447409817513	-0.332113602605773
0.455251986664696	0.46556703867236	0.285588959479963	0.0595699615828363	-0.226018997897127
0.584060532421462	0.975380151941174	0.355745791257498	0.161476768224966	-0.194269023032531
0.389236929323781	0.564882951898336	0.420850774510451	0.17192259038641	-0.248928184124042
0.420039594786873	0.61927969329387	0.47948357380304	0.185303827360654	-0.294179746442386
0.488550608495617	0.723260927593262	0.466594559314174	0.173327274379759	-0.293267284934414
0.453982331995129	0.76542942604582	0.441314082723752	0.208313058928059	-0.233001023795693
0.462943053530376	0.578641875675268	0.328487144577526	0.0907367931972139	-0.237750351380312
0.567516528937125	0.679317662154684	0.406199501875677	0.106251389907014	-0.299948111968664
0.42945382695097	0.628426927634566	0.528035352090369	0.163283864773467	-0.364751487316902
0.714851037671424	0.769220625637596	0.453218623797789	0.0879285622398178	-0.365290061557971
0.435837006556497	0.558675880401496	0.364510317224136	0.111253157203186	-0.25325716002095
0.582217382621851	1.01314707796653	0.495971217759493	0.23653451914913	-0.259436698610363
0.468916651913795	0.564253383090293	0.516147330898754	0.109491647562493	-0.406655683336261
0.52092728559492	0.503009710088062	0.410231074621023	0.0798968340444742	-0.330334240576549
0.583621869673265	0.574872238911312	0.406204166113235	0.063312132135852	-0.342892033977383
0.426030950138804	0.465175802655834	0.361963134362904	0.0780723098916668	-0.283890824471237
0.54210649647442	0.777999199836636	0.526602714433551	0.154754058188465	-0.371848656245085
0.541082605889998	0.663543064239343	0.494019073613403	0.117611747844169	-0.376407325769233
0.596424577729177	0.732168755406526	0.430618977366973	0.126415324499006	-0.304203652867967
0.369138984006783	0.595616532477355	0.462742872421341	0.183244324111067	-0.279498548310274
0.361349041988196	0.577109157220399	0.433871380690419	0.183268921542813	-0.250602459147606
